n,burbuja,quick,insertion,merge
2,2800,3100,1300,3700
3,1400,1600,1500,2500
4,1900,1800,1700,3300
5,1900,2000,1800,3000
6,1600,2700,2600,5100
7,3600,2500,2500,3900
8,1700,2500,2600,4400
9,2100,2500,2800,4500
10,2000,4000,2300,5000
11,2300,2800,2500,5300
12,2300,3100,3000,7200
13,3800,11900,4400,6300
14,3000,13300,3200,6100
15,4800,24800,3700,6600
16,4400,3200,3300,7000
17,6000,3600,3500,18600
18,12700,4200,3200,26800
19,5500,3900,3400,8700
20,6800,16900,13200,8200
21,6700,2200,1900,8700
22,8500,1900,1500,9300
23,10900,2100,1900,15800
24,13700,2100,2100,8300
25,13600,5400,16500,4200
26,11100,15200,2200,3400
27,9800,2100,2400,5100
28,9700,2900,2200,3900
29,16300,2500,2300,22700
30,13600,2600,2300,4200
31,14800,4400,2400,4800
32,14700,2200,1900,3900
33,19200,3900,2400,11600
34,20200,2800,2800,4700
35,20500,3000,2700,4700
36,19400,3100,3600,8400
37,30000,3200,2200,9800
38,25100,3100,2300,4900
39,20100,2900,2000,5000
40,22600,2700,2000,4200
41,24200,2800,2400,4800
42,24700,5200,3200,5600
43,25000,3300,3000,5300
44,30800,3000,3000,8100
45,25600,3300,3100,6100
46,24800,3600,5400,5800
47,33500,3300,3100,6300
48,36100,4500,3300,8500
49,50200,4400,2900,9800
50,48200,5800,4600,9100
51,43000,4000,4000,9700
52,39800,4000,3100,6200
53,33400,3800,4000,6300
54,41400,3700,2700,6200
55,42600,3800,3000,6800
56,65300,4300,3200,6900
57,44600,3800,3600,6400
58,58000,16400,3300,10000
59,44300,6000,5500,7200
60,52800,4100,6000,7700
61,50300,5800,4300,7300
62,42300,3900,4200,6600
63,42300,24200,2300,6800
64,84000,3600,3400,11900
65,57900,3000,3300,29600
66,83900,3900,3900,10600
67,73300,3800,3300,14500
68,69300,20400,3000,8300
69,60600,3200,15900,13900
70,71700,3200,2900,20900
71,76600,3200,3500,17400
72,107500,4200,3100,9400
73,85900,4200,2500,10900
74,17400,3500,6400,11100
75,15300,3700,2400,8800
76,13400,3200,3300,8800
77,12400,3200,2300,8700
78,14400,3300,4300,14200
79,17400,4100,7000,9200
80,13100,3300,3200,23500
81,16400,4800,3600,9100
82,17600,4400,3600,20700
83,16600,3400,3700,6600
84,14000,3500,2500,8500
85,15100,3300,2500,6800
86,17600,3700,2800,8900
87,16500,3600,3700,19100
88,17700,3700,4000,9700
89,15500,3700,2600,9200
90,31200,3700,3800,8200
91,17400,4100,4100,7300
92,19400,3800,3900,7600
93,26300,5000,3100,21700
94,20000,4000,3700,8300
95,28000,5100,7000,13100
96,30900,4300,3900,7200
97,26000,7000,4100,10700
98,31300,5900,4000,11100
99,33300,18000,4100,7300
100,20100,4100,4100,20400
101,31100,4200,3900,8100
102,36200,4700,4000,11600
103,34500,5800,5300,12800
104,34400,6300,5400,11700
105,38500,4800,5900,9300
106,32100,6300,5900,12100
107,39300,6400,4400,13000
108,29100,4700,4500,11000
109,25100,4600,4600,10800
110,132200,5300,5300,14200
111,37300,6300,4100,9400
112,97700,5300,3700,12900
113,35700,4700,3700,11800
114,20100,6700,4300,13100
115,17000,4800,3900,9800
116,16100,4600,3500,9000
117,16600,4600,4700,13100
118,16100,4800,4600,9600
119,20300,6100,4900,22000
120,19800,4800,4900,9400
121,17400,5100,4800,13300
122,18200,4900,4700,24100
123,18200,4900,4900,9800
124,21700,9700,5000,14000
125,19500,7100,5100,9900
126,20500,6900,4400,13600
127,22400,6500,7100,14000
128,18700,5900,4100,10100
129,22600,5600,6200,10700
130,19500,5700,5400,12900
131,20000,12800,5600,11500
132,19600,5100,3400,14600
133,20800,6500,4900,10600
134,24000,6600,3800,13500
135,23800,6700,5100,36700
136,22000,5700,4100,24400
137,21500,5600,4900,11300
138,20700,5300,5000,11300
139,26600,5800,5300,11700
140,25100,5500,5700,12100
141,21800,5800,4100,12200
142,23000,5600,4100,11800
143,22300,5500,5400,11400
144,23700,5400,4200,22000
145,23600,5200,3500,11400
146,26100,6900,5300,11700
147,25500,5400,4000,11600
148,24800,5600,5600,12400
149,24600,6200,4400,17600
150,25300,7000,5700,12300
151,25900,5700,6700,31300
152,29900,5900,4600,11600
153,26000,6000,5800,25100
154,27100,6700,5600,12300
155,29000,7200,6900,81800
156,32800,6200,5000,12700
157,31100,7600,6600,43300
158,43100,9000,7700,13700
159,31100,6400,4900,16500
160,33500,9100,7700,19300
161,34800,9200,7700,15900
162,34700,6400,6300,13100
163,28000,7800,6600,13900
164,35100,8800,7300,13700
165,30400,6300,6100,25900
166,30200,6200,4800,13700
167,30300,6400,59600,54000
168,30500,6500,4600,14200
169,34600,7300,6700,39100
170,32700,8000,5600,28700
171,32200,6700,6400,26600
172,31500,6500,8000,16800
173,33600,6900,6400,25100
174,31900,6100,6200,13900
175,30100,6200,6300,25600
176,39400,6700,4600,13600
177,37200,6700,4800,13500
178,38900,7000,7000,14700
179,33500,6800,6700,13600
180,35000,7000,6800,13800
181,35500,6500,5100,13900
182,34200,6900,6700,19300
183,34700,6900,5000,14600
184,37100,6900,7700,20500
185,35100,9600,9000,20600
186,36300,7300,5200,27600
187,37300,7400,6800,14400
188,36800,7100,7000,25000
189,35100,6800,6900,14200
190,37300,7000,6800,24500
191,40800,7400,7000,14300
192,40600,7400,7400,14200
193,42400,7400,7400,14800
194,37400,7300,6900,15300
195,39300,7200,6900,14600
196,39900,7300,5200,14700
197,41700,7600,7300,26900
198,40500,7500,7500,15600
199,40700,7600,7700,61900
200,43000,7600,7600,15600
201,45200,7600,5800,16600
202,47500,7800,9200,16100
203,42200,8300,7700,15700
204,42400,7700,7800,27000
205,43000,7900,5800,16200
206,43900,7600,5100,26500
207,44200,8000,7900,15700
208,43000,7700,7800,15600
209,41700,7800,7700,15500
210,47300,7800,8000,15300
211,44400,8500,8200,28200
212,44000,7800,7600,16800
213,46000,7700,7600,16200
214,46800,7900,5800,16400
215,48700,7700,9800,16100
216,47400,8300,8200,29900
217,56700,8100,7800,17900
218,48400,7900,7700,17100
219,45800,8100,8100,16800
220,54300,8500,8800,17300
221,60100,10800,10400,30600
222,49900,8500,8500,17500
223,49500,8500,7000,16900
224,49400,8500,8100,16800
225,49500,8500,8200,17500
226,58700,8100,6100,29500
227,49200,8500,6400,17200
228,51400,8600,6800,21600
229,61500,8600,8400,29500
230,52200,8400,8500,17600
231,53500,9700,7900,25200
232,55400,9000,8600,17700
233,58400,9100,8800,18000
234,55500,9000,8800,18400
235,54200,9100,9000,17300
236,58200,9000,6700,19100
237,57600,8900,8800,29600
238,55800,9100,9000,17400
239,57000,9300,9100,17800
240,64700,9400,9300,30400
241,65100,9200,7000,18000
242,58400,9200,9000,18000
243,56900,9200,9300,30300
244,58900,9300,7100,18100
245,57400,9100,7000,18000
246,63100,10700,9500,52500
247,67100,9500,7200,18800
248,71000,9300,9300,19400
249,65600,9500,9400,31600
250,60300,9400,7200,19000
251,60900,9900,7600,19100
252,61200,9600,7500,29000
253,72700,9800,9500,19500
254,67700,9600,7600,32300
255,65400,9500,9200,29300
256,63000,9800,9900,18700
257,77500,9800,9700,24000
258,65600,10000,10700,50500
259,63900,9900,9400,19200
260,86200,9900,10000,22600
261,74100,13500,10300,61800
262,68900,10100,12100,20700
263,70800,9500,9900,20100
264,74400,11700,10000,46300
265,81500,10200,13400,29500
266,77800,12200,12900,26600
267,65400,10100,7600,32000
268,69700,10100,7600,20200
269,69200,9800,7900,20800
270,67800,9900,7500,23900
271,71700,10100,8000,31800
272,73000,10600,10300,20000
273,73500,10200,10300,21300
274,72900,10200,10300,32900
275,102200,10800,11100,26100
276,85200,10600,10200,23100
277,73200,11300,10500,33200
278,76100,10800,10800,21500
279,72500,10300,10200,21300
280,71700,10700,10400,20600
281,76200,10300,10100,32500
282,75700,10200,10100,21200
283,85400,10800,8900,21500
284,75000,10300,8600,22100
285,76700,10700,8600,33600
286,74600,10800,8500,21100
287,85200,11300,11200,35900
288,87300,11500,9000,33700
289,85300,11100,13000,36700
290,93100,11300,11100,22400
291,90400,11200,13300,25300
292,97500,11400,11100,43100
293,93000,11300,11100,36300
294,82500,11300,8300,22800
295,79800,11300,8500,23100
296,87800,10700,10800,21900
297,83300,11000,8400,21600
298,85400,11000,8700,33300
299,91100,11200,10900,34400
300,85500,11500,11300,33900
301,86900,11100,11100,34300
302,85300,11900,9300,23600
303,97500,11500,11800,33900
304,89300,11800,14000,23800
305,102900,14100,11200,23900
306,86600,11300,8700,22900
307,87100,11800,11200,24000
308,87600,11700,11100,23200
309,84200,11700,11600,23000
310,88900,12300,11500,40400
311,90800,12100,12000,33000
312,100600,12200,12100,35000
313,88400,12200,9100,34600
314,86400,12100,11600,34900
315,90500,11600,12000,27900
316,97400,15000,9700,23700
317,103700,14800,15100,33900
318,107000,12700,14400,31200
319,107000,14100,9300,23900
320,123700,12000,12300,30800
321,114800,12300,12200,23800
322,103800,11900,9400,24100
323,94100,12300,10000,25000
324,93000,12400,14700,24500
325,104300,12200,14300,24700
326,110100,12700,12500,25800
327,99300,12200,11600,24300
328,105400,12600,9400,36800
329,129200,12000,13900,62800
330,94500,12200,11800,63300
331,100800,12300,11900,49300
332,108300,12800,12400,37200
333,116700,14900,13300,39500
334,109700,12700,13100,38100
335,98600,12700,12400,37200
336,103300,15200,13000,47400
337,106200,13300,12700,36300
338,103700,12900,11300,38200
339,121800,13100,14300,38200
340,123300,12800,12900,37300
341,105100,13100,12700,38600
342,114200,14800,13900,26200
343,129300,12900,12900,26100
344,118300,12900,12100,37600
345,128400,13200,10400,38400
346,108100,12800,13100,58700
347,127500,15600,13500,40900
348,128800,13000,12800,40300
349,109800,13200,13200,39400
350,145600,21700,10600,38300
351,106500,13100,12900,38900
352,135000,13400,10400,38900
353,113300,13200,12800,59500
354,124100,16000,13500,67600
355,129700,13600,13200,40400
356,115900,13900,10800,41400
357,118900,13600,13300,43200
358,121200,14500,14000,38400
359,115400,13500,13500,39000
360,118700,13600,13300,41300
361,112400,13700,10400,43400
362,133100,13000,10800,38100
363,130500,14000,11500,38000
364,120100,14100,11100,46600
365,117400,14200,14000,50100
366,143500,14000,13400,28300
367,122000,13600,13600,27200
368,142400,14000,13600,27800
369,148300,14400,14100,27700
370,120300,17800,13500,28300
371,153200,13900,11700,37300
372,140300,17200,12500,33800
373,124600,15000,14300,28500
374,137200,14500,12200,27800
375,141400,17000,14300,65500
376,135900,17900,13900,41200
377,128300,18300,16100,43200
378,152600,17500,14100,43600
379,141900,14500,14300,41700
380,142300,13700,13500,39200
381,142700,17400,17500,44900
382,152400,14300,13700,31300
383,156200,16800,14600,28500
384,150300,17900,17900,38200
385,155200,19200,18400,38400
386,153100,18400,17200,40700
387,165100,18600,19500,39400
388,155200,17700,16800,37500
389,163300,18300,17900,39200
390,192500,18500,18500,59600
391,161500,20400,17200,65000
392,209800,27600,18200,95300
393,246900,20400,17500,72900
394,182600,18500,17400,58300
395,159700,18100,17800,41300
396,170800,19100,91200,38900
397,170300,17600,17800,42000
398,176300,19300,18300,64200
399,167900,18600,17600,59100
400,167900,19900,19000,41900
401,272100,17600,18000,62400
402,164600,19600,18900,44100
403,145700,15300,14600,59800
404,168200,15900,15000,45700
405,146300,18100,15300,38200
406,181800,20800,21100,39800
407,167300,19400,18400,42700
408,157900,15800,15500,37100
409,159000,14800,11900,73200
410,143400,15300,12100,43800
411,150600,20500,19500,62200
412,174300,15700,15400,40800
413,175100,15700,12500,41100
414,154800,15800,15300,31900
415,159700,20800,19900,44900
416,192600,21600,48500,45000
417,155900,16100,12700,45600
418,180800,21100,15300,47300
419,177700,18800,15700,42700
420,179900,18800,18900,52500
421,154200,16500,14300,32000
422,159300,16500,16300,38700
423,196700,16200,13100,44600
424,179300,21500,16200,45200
425,164900,16600,15800,45800
426,156700,16100,13800,47800
427,163400,16100,13300,32100
428,155900,15500,13600,31000
429,166800,16300,13500,31000
430,168000,16000,13300,40500
431,162100,15800,13800,40100
432,169400,16300,13900,48800
433,172900,16000,15900,32000
434,169000,16200,13800,40600
435,188900,16100,12800,33000
436,166900,16600,13700,50100
437,174100,19100,16600,66000
438,168000,16500,16100,68800
439,164400,17200,14300,32000
440,167800,16600,13800,32200
441,167700,16100,13700,32200
442,167800,16600,13600,41400
443,163900,16600,14200,43300
444,194300,17000,13900,43500
445,187400,17100,14100,33700
446,170900,16800,14100,60800
447,188400,20100,17700,49700
448,202800,17400,14500,43000
449,203800,17100,16700,33200
450,183200,16800,14500,32800
451,219100,17300,15000,44600
452,185000,17800,14900,45400
453,184400,17600,14200,49400
454,180500,17700,14400,33000
455,205900,17000,17000,34000
456,183600,17400,21500,58200
457,205500,23600,18200,68500
458,201000,25200,17700,78900
459,194900,17400,14900,40800
460,191400,16600,16400,33500
461,192700,17300,17500,45400
462,182800,16900,14300,1485700
463,188200,17400,14300,31400
464,180800,18200,15700,30500
465,209700,17500,17600,31000
466,205800,22000,14500,31200
467,190400,16800,13800,47400
468,182900,19600,21700,76200
469,217500,18300,14600,46100
470,189900,17700,14700,47500
471,187000,18400,18000,53100
472,213000,18300,17300,39900
473,190600,18000,18000,44300
474,197000,17500,17000,67500
475,226600,18600,20000,53200
476,189000,17200,14300,35400
477,195000,17200,17900,56200
478,188900,17400,14500,47300
479,194300,19900,18700,36500
480,211000,18100,14900,36400
481,199500,18300,15600,49200
482,190800,17800,14900,37200
483,199100,17600,15100,31000
484,196600,18000,15700,31200
485,201300,17900,15000,46600
486,208900,18000,18100,47300
487,202500,18800,15500,35100
488,203900,19100,15600,46700
489,214400,18800,16200,45600
490,205200,18700,16200,41000
491,211700,18100,15300,32400
492,214900,19100,18400,32600
493,206500,18500,15500,32400
494,212000,19300,16500,32400
495,203100,18300,15700,31200
496,204300,18400,15800,31800
497,205400,18400,15300,31900
498,207300,18800,18100,32700
499,206500,19600,16200,32700
500,214600,18200,15800,32000
501,244400,19100,18900,32200
502,215400,18400,15900,32600
503,216900,19100,16100,32300
504,228600,20400,18600,37400
505,221700,20300,18800,33200
506,221000,18200,15700,32500
507,223800,18800,19000,32800
508,219600,18700,15600,32300
509,253700,24100,19400,33300
510,248700,26400,19000,32700
511,257200,19500,16100,33100
512,263200,19800,18900,32500
513,229700,18500,18900,33200
514,230000,24000,24200,56100
515,219600,19600,16900,33900
516,228300,20300,19400,34100
517,224400,18500,15500,34500
518,222000,19500,16800,33200
519,238200,19100,16200,38200
520,223500,20000,17100,34100
521,228800,19000,15700,34600
522,227000,18600,16400,34400
523,234800,19200,19700,47600
524,275700,24300,23900,48800
525,262700,25000,24400,52000
526,249600,25100,19800,36300
527,269600,20300,20200,34800
528,234600,20000,17200,39500
529,240300,19800,17000,35100
530,267700,19800,21400,35000
531,237100,19500,19400,34900
532,239500,19700,16700,35000
533,246100,19500,17000,34600
534,237500,20200,17000,34400
535,246400,20100,16800,35500
536,247200,45500,20000,44600
537,244900,21400,16900,43300
538,248000,24200,20600,41100
539,265900,20500,20300,36400
540,244200,20400,20600,35600
541,256100,20400,20400,36600
542,244700,25200,26700,51600
543,283200,20900,20000,36100
544,249200,20100,16800,34900
545,246300,20100,17000,36500
546,263200,39500,27400,54000
547,253400,24600,24000,44900
548,283100,24100,24100,57000
549,282800,28700,24000,38200
550,290900,20300,19900,36400
551,286100,20500,20800,41500
552,261600,20700,17800,36400
553,246900,20400,20200,37900
554,284100,21200,17400,36800
555,271400,28600,20200,56800
556,266500,24200,25100,54500
557,299500,25600,26600,50300
558,269400,21400,27600,58400
559,264300,20800,17400,37500
560,268300,25900,20500,37800
561,260100,20100,16900,41300
562,268200,27300,20300,37900
563,263300,21600,18800,37100
564,262500,21400,18200,37300
565,271600,23100,19200,61900
566,263800,21700,18400,53900
567,299700,24500,25300,61300
568,294800,26200,24900,47900
569,271200,21000,24600,49300
570,280000,29100,21800,38800
571,276000,27800,25900,58700
572,293700,21000,18000,70500
573,268500,22400,18600,55300
574,277400,21700,19400,47200
575,315600,25300,30600,38200
576,303200,22000,26200,38600
577,278100,22000,21500,37800
578,274300,21100,20900,42500
579,276600,21600,19000,37600
580,306900,21700,18400,37400
581,309300,27700,20700,38200
582,280300,22500,21800,51900
583,274400,21300,20700,42300
584,312000,21700,21800,55300
585,316900,22600,26300,38700
586,281900,24400,22300,39200
587,278800,21800,18300,44700
588,287100,21500,21200,38800
589,282600,21800,21600,40400
590,944600,21800,21200,39900
591,286200,22300,21900,39400
592,289100,22300,24100,58600
593,291300,22400,19000,39600
594,338000,27500,28100,55300
595,284600,22700,25000,56100
596,290400,26600,21600,39700
597,285600,22900,19700,39900
598,298200,22500,22500,40500
599,289900,21900,19000,40600
600,296100,22800,24600,56300
601,299200,26200,24700,41200
602,292900,27200,22000,55800
603,302500,22700,19400,63500
604,352200,25000,21400,62600
605,348500,26700,22800,61400
606,308200,22400,27700,52800
607,341000,24700,26400,40900
608,300800,22700,19200,63400
609,313000,23200,28500,40300
610,333200,23600,22800,41200
611,314800,28200,23000,40900
612,307100,26000,25700,105400
613,335600,22900,19400,54600
614,336700,26000,24200,56000
615,350000,25700,31100,61500
616,339600,23200,24900,66300
617,340400,23300,23100,54300
618,312800,28200,22600,61700
619,337300,23900,25300,41700
620,349200,24200,20300,41000
621,328200,27100,30300,56700
622,342000,23100,22700,64300
623,366400,31000,27100,42300
624,308200,23400,20600,42700
625,316700,28100,21800,41300
626,309200,31500,23100,45800
627,310400,23900,24100,41500
628,321400,23700,19800,41700
629,360900,24500,22900,42000
630,350000,29700,24700,54200
631,332700,22900,19900,55500
632,315600,24400,24000,51400
633,326200,23900,20300,48800
634,321900,23300,20300,60000
635,343500,25200,28300,42400
636,330500,24200,24000,42400
637,333600,23500,20500,41400
638,331200,24100,22700,40100
639,335900,23500,23800,42500
640,347100,26000,21900,49600
641,365900,24800,19200,42800
642,328800,23700,22800,41700
643,333900,23300,20200,45700
644,323000,23700,20100,41900
645,331100,23900,21600,42100
646,346000,24100,21300,41800
647,338900,24100,21000,42500
648,337400,24100,29300,41600
649,335400,23200,22700,43700
650,326300,26100,22000,86100
651,334600,24300,23500,52300
652,337700,23500,23400,43000
653,347100,25300,22300,43700
654,336800,24700,24900,42500
655,337400,24200,20900,42900
656,347300,22400,23400,42500
657,346000,24600,21500,45400
658,351000,24500,24500,42900
659,351000,24600,20900,43600
660,351000,25000,27500,63500
661,379900,24800,21700,44000
662,356800,24100,20900,44800
663,349200,24600,29600,48600
664,342500,24100,23500,43900
665,347600,24300,23500,43700
666,346400,24600,24400,47700
667,349300,24700,24800,43200
668,353500,30500,24600,43600
669,355400,24700,24300,44800
670,384400,29200,30100,56500
671,356900,25300,22100,44300
672,352300,23900,23700,45000
673,357000,24900,21700,49100
674,385500,24800,22900,44000
675,371400,25600,25000,52600
676,365600,25700,25400,52000
677,363400,25200,25000,45000
678,368400,24100,21100,45400
679,367900,31000,29900,76800
680,414200,26500,22400,65800
681,422300,25400,29300,46400
682,368500,25000,21000,44700
683,372100,24900,22200,60800
684,370100,30500,31000,63200
685,374500,25300,25200,62400
686,378100,26100,22500,61800
687,369600,25900,25300,63300
688,362500,29800,31900,130200
689,421500,26200,31300,64900
690,371400,26000,31700,62100
691,386100,26200,23200,51600
692,391800,33000,25100,51900
693,384300,25600,26500,68900
694,382200,25800,21900,75000
695,452200,27000,26700,65700
696,380000,28300,23100,71600
697,418200,28600,26200,56400
698,384100,26100,26000,51600
699,385600,27900,27100,59000
700,415500,26400,26300,74800
701,448800,30500,26400,60100
702,385100,26500,25800,52400
703,413100,26200,26000,62500
704,459600,26000,25600,78700
705,403600,25700,32900,138100
706,434000,27000,23100,90200
707,405200,26900,27100,88900
708,401000,26000,25800,65000
709,395500,26300,26000,63500
710,402000,25700,26000,64200
711,433000,25500,25500,61300
712,400400,26100,26700,71500
713,404400,26200,25700,129100
714,407800,33600,32400,88700
715,469500,26400,23700,71800
716,399300,26100,25800,62900
717,414400,29500,26100,90900
718,453500,25800,32800,69400
719,394900,27500,23900,64300
720,407600,26700,23400,63500
721,416200,27200,27800,68700
722,441900,26100,26100,72300
723,414800,27300,26200,70900
724,440100,26900,23300,71000
725,412300,26800,29500,66300
726,404300,27900,24700,67800
727,416200,26800,26200,59000
728,404300,27400,27300,53800
729,417800,32200,30900,66200
730,422700,26400,30100,148500
731,444800,26900,36100,115300
732,460000,38600,34500,118900
733,447300,33600,34300,100400
734,486500,38100,33900,91300
735,456000,33800,35900,112300
736,483600,51800,35500,92600
737,550400,27500,35000,70800
738,435500,32400,28200,66600
739,490900,33200,32400,88700
740,510200,27000,27200,70300
741,428300,27300,27300,55100
742,430500,26400,22800,55700
743,425200,28700,24700,67300
744,433800,31300,30800,68500
745,429400,27300,27600,68400
746,434500,26700,32400,72200
747,434900,28200,34500,65800
748,439700,28400,27300,71100
749,432300,27000,26700,70300
750,432600,28200,28400,67400
751,431500,26600,27000,56800
752,439700,30600,33500,91700
753,438200,28100,23900,66600
754,440600,27500,25000,88000
755,445400,27400,31300,66800
756,471900,27600,24200,66200
757,439300,28100,25100,66400
758,458000,28400,28800,68900
759,442000,28300,28200,67500
760,459000,28200,24800,84300
761,445700,30400,25400,69900
762,446000,28600,24600,66400
763,449000,34100,25300,67400
764,476900,28200,28200,72000
765,460900,28800,28800,67900
766,451900,28500,27500,67900
767,454200,28300,25000,80200
768,464600,28600,28500,56500
769,460900,34800,29400,95900
770,450100,28400,25200,73100
771,457900,27800,25400,66800
772,463300,31100,28400,71000
773,463800,28600,27900,67300
774,464700,28800,28200,66500
775,458700,28300,24200,58700
776,460500,39900,24600,69700
777,462700,31100,24800,81400
778,507100,28900,25700,69900
779,465900,28300,24900,72800
780,468300,28800,24700,69100
781,561500,28600,25800,59300
782,474600,29000,28500,97400
783,473900,28500,28500,69400
784,499800,29100,28800,69600
785,484700,36200,29200,97200
786,513100,29900,29200,98400
787,486800,29300,26200,61100
788,483400,27800,27800,86900
789,571500,29300,39500,71200
790,480500,28700,29700,72400
791,485900,28700,35900,113500
792,482400,37200,31900,61100
793,533400,30200,31400,71700
794,507900,41500,37000,76500
795,488600,28600,25100,89600
796,494600,36500,27600,91500
797,547400,29100,25800,72000
798,490700,30100,37600,72600
799,492500,29100,34600,71900
800,518100,29600,31100,118800
801,490300,30100,28600,113900
802,567700,30100,26800,68700
803,483600,29300,25700,70500
804,484800,28800,37300,72900
805,504000,29700,26300,103600
806,495700,30000,29500,73400
807,496200,65300,38700,71600
808,521400,36100,29100,117400
809,561900,38500,39000,73800
810,532900,30100,38500,105500
811,529800,30200,29700,67600
812,534300,29900,26600,71200
813,525700,33300,36300,103800
814,496300,32100,30500,102200
815,505000,34200,31400,114600
816,502600,30400,26200,73000
817,582500,29600,26100,71900
818,519800,31900,28100,73600
819,509500,31500,27400,74000
820,519300,30300,29800,76700
821,506900,42500,38100,72800
822,524800,31300,39900,72500
823,561300,31500,37900,63000
824,585700,38100,30000,72700
825,607500,37300,29300,78100
826,503000,40500,30800,71500
827,539500,37800,30500,71900
828,519300,30700,29900,84500
829,528400,37300,27600,74200
830,508900,32900,30400,117300
831,526200,31300,30800,73700
832,522300,29600,29300,84900
833,530300,34900,33600,84500
834,652900,39400,30200,56300
835,545100,43900,41900,57300
836,556900,32100,31500,74300
837,610000,41500,31100,73900
838,533100,30700,28600,57700
839,523500,31200,31400,88700
840,531500,31800,27500,57200
841,525300,41800,31100,56400
842,632000,35600,32500,58000
843,657500,31700,42300,98900
844,567200,31800,30800,79900
845,552200,33600,39000,82300
846,556400,40800,38400,80900
847,552400,39600,28800,59300
848,663500,38700,39600,85700
849,589400,32400,38600,58900
850,556500,39300,34700,75600
851,600900,42500,40500,78200
852,588000,31900,31100,57500
853,551600,31700,29800,59000
854,535200,31400,30800,58400
855,559300,31300,30300,57700
856,605600,30800,27000,57000
857,551900,144100,38000,59400
858,552800,31900,27300,59600
859,582100,32500,31800,75200
860,583700,31700,30600,58900
861,542500,31900,28500,80500
862,564000,33300,31800,60100
863,545500,31600,31100,58600
864,563000,31500,30900,60100
865,587800,34600,44100,59800
866,634800,33100,38000,60100
867,588400,34000,37300,64100
868,564000,32100,32400,58900
869,562100,31700,31400,59500
870,559100,31300,30200,58600
871,561200,31900,31500,69300
872,634200,39000,32200,61500
873,571900,33100,31700,61000
874,577900,31800,28600,58500
875,577900,31000,31500,59000
876,574400,31600,32000,58600
877,565200,31100,28200,59500
878,572500,32700,32500,60100
879,572300,31500,27300,58800
880,590200,38600,33900,83500
881,578000,37700,40100,59300
882,609800,33100,29300,58900
883,568500,31800,32200,58400
884,576500,33800,33000,59300
885,587100,32300,31900,58600
886,571700,31900,31500,59100
887,600000,32000,31600,60200
888,580900,39600,32900,61300
889,606100,33200,32500,60600
890,580200,33100,33000,61800
891,582800,31500,27900,58500
892,582800,33200,33000,60400
893,589300,33600,33000,60100
894,585200,32300,32200,63700
895,585100,33500,29600,60400
896,619300,32400,32100,59200
897,598100,33500,32800,84200
898,585700,33400,32100,83400
899,588200,33700,29400,59800
900,595100,32900,30100,59100
901,608700,31800,32000,62000
902,619600,33000,29100,68600
903,634800,31900,28200,109600
904,637800,38300,36300,62600
905,611400,33300,33400,62000
906,601200,33900,30100,60900
907,618400,32500,28600,59700
908,602000,32700,29300,61400
909,614300,32600,29300,62300
910,617700,34700,30500,61900
911,636100,33400,29900,62300
912,599600,32500,29200,60000
913,619000,43300,42800,65600
914,612400,34200,29800,70400
915,630100,33600,33100,61400
916,633700,33400,33100,60500
917,635000,33300,32800,94700
918,736200,35600,40800,62100
919,611800,34400,34000,63600
920,628100,34100,32400,62500
921,623100,34000,42200,89300
922,632100,34000,30500,62800
923,624000,33900,30400,104800
924,635900,34400,34700,63500
925,631400,34100,34100,85800
926,680500,34100,29800,67100
927,633600,33700,30100,62400
928,632700,34400,34000,64600
929,625200,34000,33700,62300
930,638200,32500,33800,62300
931,635300,33700,36700,63200
932,632700,34200,33300,62100
933,646300,60100,42300,63800
934,634800,34200,34100,67900
935,639500,33500,32800,62200
936,637000,34400,33600,63600
937,651200,34400,29800,62500
938,650400,34300,31700,69300
939,643300,34700,31300,68200
940,652200,34800,40300,78600
941,655500,35600,31300,63700
942,650700,34300,34700,62600
943,652000,34600,35000,62500
944,654600,33600,34100,63400
945,638700,34300,30400,63700
946,696400,34600,48000,63800
947,663300,34200,39400,109000
948,703600,55700,34500,63500
949,663900,34000,30100,63000
950,661000,35100,31700,64200
951,665700,39000,42500,77900
952,662200,35400,45300,68300
953,666000,38700,34800,64700
954,664700,34800,39600,110300
955,669200,43800,34700,64400
956,678200,35300,30700,64500
957,674300,35700,32000,64000
958,708700,35800,34400,64600
959,696800,33100,30700,78600
960,699700,36000,46800,64000
961,686200,37000,34200,69100
962,828400,36300,31500,108900
963,684500,35000,34700,65000
964,668100,35000,34500,70600
965,685900,36100,40100,75100
966,706900,36900,35500,65700
967,711200,33500,34500,72900
968,675500,35100,35100,101500
969,672500,36600,38800,66200
970,683200,37100,35200,64600
971,700100,34900,34600,67000
972,679200,37100,31600,65300
973,702300,35800,39500,66200
974,685000,36200,36200,64900
975,685000,35100,35500,66900
976,700500,36300,45700,66100
977,695300,36000,32700,64800
978,705900,37900,35400,64700
979,696500,35400,35400,63900
980,695200,36200,32800,66900
981,698100,35900,31600,65100
982,720000,36500,36300,88700
983,779500,37200,36100,68100
984,731900,35800,32500,73300
985,701700,35800,35400,84700
986,695400,35100,35800,83900
987,704900,35800,36000,91700
988,699000,35500,34700,90500
989,814400,41100,37100,89600
990,714200,36100,35400,99800
991,715100,37900,36300,93400
992,702400,35700,31400,80900
993,694600,35200,35200,67000
994,715400,36600,33000,66700
995,706800,36700,33400,66800
996,776500,38700,35800,71100
997,717100,36400,32300,72600
998,717800,36900,32200,66400
999,706300,35800,33200,66700
1000,722700,37400,37500,68400
