n,burbuja_promedio,burbuja_mejor,burbuja_peor,quick_promedio,quick_mejor,quick_peor,insertion_promedio,insertion_mejor,insertion_peor,merge_promedio,merge_mejor,merge_peor
2,2100,1700,800,2600,1000,900,700,600,700,3600,1400,1100
3,500,500,800,1400,1200,1200,500,500,900,1800,1500,1500
4,900,600,900,1300,1300,1300,700,500,800,2100,1700,2300
5,1100,600,1100,1400,1700,1600,900,600,900,2400,2200,2000
6,1200,500,1200,1400,2100,1800,1000,600,900,2500,2600,2300
7,1300,700,1400,1900,2400,2500,900,600,1000,3300,3000,2600
8,1600,600,1700,1900,2200,2000,1000,600,1100,3300,2500,2700
9,1700,600,1800,2100,11000,2800,1100,700,1300,3600,3000,3400
10,1800,600,2300,4100,2800,3200,1400,500,1400,4300,3000,3700
11,2100,600,2400,3300,4600,2900,1700,700,2100,6400,6500,5100
12,3300,800,3600,3200,3900,3400,1900,1300,2400,6500,9100,5200
13,3500,800,3800,7900,5000,3800,1700,900,2800,23800,6200,5700
14,7500,900,4200,27000,5100,4000,2600,800,2800,6000,5300,5500
15,4000,1000,4800,3400,5400,4600,2300,800,4800,15500,5900,6600
16,4500,1000,5300,3500,5200,9700,2600,700,3100,11500,6800,6900
17,5400,1100,5500,4300,7700,3900,2400,700,3200,10100,1700,1300
18,7500,700,5400,21500,1300,1100,2400,700,3700,1900,1300,1200
19,6100,700,5900,1400,1200,1200,3100,800,4500,2000,1500,1200
20,5500,700,7800,1200,1400,1200,2700,700,4000,1600,2200,1200
21,6200,800,8000,1700,1500,1800,3200,800,4400,20100,1400,1300
22,6000,700,8200,1200,1400,1300,2800,800,5400,1900,1200,1300
23,7100,800,8100,1600,1600,1600,3200,800,5300,3100,1300,1700
24,9000,800,10400,1400,1600,1600,3500,800,6100,1800,1200,1300
25,8400,700,9500,1400,1800,1500,3600,700,5700,3400,1400,1400
26,11600,5000,10300,5100,2000,1600,3800,700,6800,3300,1300,2400
27,10000,600,12400,1400,1800,1600,4500,800,6500,1900,2500,1500
28,8400,600,12400,1300,2000,1700,3700,800,7500,3900,1300,1300
29,11000,700,12500,1500,1900,1700,4700,800,7500,2100,1300,5800
30,12800,700,13400,2100,2000,1900,5600,700,8000,2600,1700,1700
31,13700,700,16800,2300,3600,3700,6400,1600,8400,2900,1900,1800
32,18700,700,15400,3100,2700,2200,5600,800,9700,3200,1800,1800
33,15700,700,16200,1700,2300,2200,6500,800,10200,3900,2100,1800
34,19200,900,18200,1700,2700,2500,6000,800,10600,2600,1800,2200
35,17100,1200,21700,1900,4100,2500,6900,1800,12600,4500,2500,2300
36,16000,900,65600,2300,2900,2500,7200,900,19800,3300,2300,8700
37,5400,100,2300,1900,3700,2600,2600,200,1800,3000,2000,2300
38,4300,500,2400,2100,3000,2700,1500,200,1900,3100,1900,2100
39,3400,200,2400,2000,3300,3000,1400,200,2200,3500,2000,2700
40,3800,100,2500,2200,3200,2900,1400,100,2000,3500,1800,1900
41,4000,200,2800,2100,3400,3200,1400,200,2200,3100,2300,2600
42,5500,200,2700,2100,3400,13300,1700,200,2200,3600,2400,2500
43,5300,200,3000,2500,5100,3700,1300,200,2800,8900,2400,2500
44,4900,200,3100,4500,4600,3800,2500,300,2500,8100,3500,3500
45,4500,200,3200,21800,1500,1600,1800,100,2400,4100,2800,2700
46,6800,200,3300,1900,1400,1600,1700,200,2500,3800,2300,2700
47,4300,200,3500,1800,1400,1700,1600,200,2600,3700,2300,18800
48,5000,200,3500,2100,1600,1600,1700,100,3200,3700,2700,2600
49,5300,200,5200,1900,1600,1700,1800,200,2800,4000,2700,2800
50,5500,200,3900,2000,1600,1600,1700,200,3900,4100,2800,2700
51,5500,300,4000,2000,1500,1700,2000,200,2900,9400,2600,3000
52,6100,200,4000,2000,1500,1700,2200,200,3700,4100,2800,2700
53,14000,200,4200,1800,1800,1700,2200,300,3300,9300,2900,2900
54,6700,200,4700,2100,1800,1700,2600,300,6000,6100,5800,5100
55,8200,400,23200,2700,2000,1900,2000,200,3600,5000,2700,3000
56,6300,200,4700,2300,1800,2000,2900,200,3500,4400,2900,2800
57,7200,200,4800,2100,1900,2000,2200,300,3600,15600,7200,3300
58,76500,200,5100,2200,1900,2000,2500,200,3800,4000,2000,2500
59,6900,200,5200,2300,1900,2000,16800,200,5300,3700,2000,2300
60,7500,200,55000,2600,14500,3200,2900,300,4000,4300,2800,2500
61,7800,200,5500,2400,2600,2200,2700,200,4200,8000,2100,2300
62,7900,200,41500,2200,1900,2100,3100,300,4500,3700,2100,2400
63,8100,200,5700,2100,1900,2100,2900,200,4600,3600,3800,2500
64,8200,100,3200,2400,1900,2200,2900,200,57800,3600,2100,2400
65,5800,200,2900,2400,2000,2300,2700,300,4800,4000,2200,2500
66,6100,100,3100,2400,2100,2200,2900,200,4900,4600,2200,2600
67,6300,100,3300,3700,2100,2200,27400,300,4900,4200,2600,2600
68,6000,100,3500,2400,1900,2300,44200,2400,20800,4300,2400,3500
69,6600,100,3300,2600,2200,2300,22600,1600,19000,4800,2500,2600
70,7600,100,3400,3300,3000,3900,25200,1900,22800,5800,8500,3000
71,7100,100,3700,3200,2300,2700,28500,1600,15900,6200,2900,3500
72,7200,100,3700,3100,2300,2600,23300,1700,19500,4500,2300,3200
73,7600,100,3700,2800,4100,2600,4300,200,1500,4400,3000,2800
74,7200,100,3600,2700,2200,2600,1200,100,1600,4400,2500,2900
75,6600,100,4000,2900,4400,2800,1100,100,1700,5300,3900,3900
76,6900,100,3700,17500,3400,2800,1200,200,1600,4400,2400,7300
77,8400,100,4100,3000,2800,2800,1100,100,1700,10000,2500,2900
78,7300,100,4300,2900,3100,3000,1100,100,1700,5000,2900,3100
79,8700,100,4300,3200,2700,2800,1400,100,1800,4500,2800,2800
80,8100,100,4400,3000,3000,2900,1100,100,1900,6100,2500,2900
81,8400,100,4500,3000,3000,2700,1300,100,1700,4600,6900,3000
82,8300,100,4600,2900,3000,2900,1200,200,1700,4600,3600,2900
83,8700,100,4800,3100,2900,2800,1300,100,1800,4700,2500,3100
84,9400,100,4900,3100,4000,4200,1400,100,2000,4900,3300,3200
85,9400,100,4900,3300,3400,3200,1200,100,1900,5200,11900,5200
86,9600,100,5300,3200,3200,2900,1400,100,2000,9900,6000,4100
87,8700,200,5400,15200,3500,3300,1500,100,2100,17100,3900,3500
88,10300,100,5500,11500,3600,3100,1500,200,2200,13100,3700,3000
89,10700,100,5600,3000,3300,3000,1500,100,3100,15300,4100,4000
90,11400,100,5600,3400,3400,3400,1500,300,2500,5800,4800,3500
91,11100,100,5800,3500,3600,3500,1500,200,2200,5600,3000,3600
92,10900,100,5900,3500,3500,3600,1400,200,2100,7100,2900,3500
93,10800,100,6000,3600,3900,3400,1400,200,2200,5300,3100,3600
94,11000,100,6100,3500,3700,3500,1400,200,2100,10600,3200,3600
95,11500,100,6000,3700,3400,3600,1600,200,2100,5500,7600,4100
96,11700,100,6300,3300,3500,3600,1500,200,2300,5400,3000,3400
97,11400,100,6400,3300,3500,3600,1400,200,2200,5800,2900,5400
98,11400,200,6600,3800,3900,3700,1800,200,2600,5400,3100,3900
99,12900,100,6400,3300,3900,3900,1500,100,2200,6000,5100,3500
100,11200,200,6900,3300,3600,3700,2200,200,3000,11500,3300,4800
101,12800,200,7000,3800,3700,3500,1800,100,2400,7900,7800,3700
102,12500,100,7000,3500,4500,3800,1500,200,2300,6000,3300,11000
103,16400,300,8100,5300,5600,5100,3100,100,2500,8200,4200,4500
104,14200,100,7200,3900,4400,4100,2400,100,2700,6700,5600,5300
105,13400,200,7500,3900,4700,4200,2100,100,2600,37000,7400,4400
106,13700,100,7800,3800,4100,4400,1800,100,2500,6100,3300,6400
107,13800,100,7700,4100,4400,4300,1900,200,2800,5500,3000,6300
108,14600,100,7800,4000,4100,4000,1900,200,2800,14100,3700,4400
109,13600,100,8000,3900,4400,4400,2100,200,2800,7400,8800,4300
110,18000,100,8100,5400,4400,4300,1900,100,2800,7300,3800,9500
111,14300,200,8500,4200,4300,4500,1800,400,3100,7400,3600,3900
112,15600,100,8500,4000,6100,4900,2300,200,2700,6400,3300,9300
113,14600,200,8600,4200,5200,4300,2300,100,2800,7300,4100,5100
114,16000,200,8800,4300,4500,4600,1900,200,2900,6500,5200,4400
115,16200,100,9000,4500,4800,5000,2100,200,3100,6500,3500,4100
116,16900,200,9100,4400,4500,4800,2300,200,3300,7900,3700,4300
117,15800,100,8900,4500,4700,5100,2100,200,3100,6600,4500,4300
118,16500,100,9400,4600,4800,4500,2000,300,3400,7900,3700,4200
119,15600,100,9600,4400,4700,4900,2100,100,2900,6500,3400,5200
120,16500,100,9400,4500,4300,4500,2100,100,2900,6600,3300,4000
121,17200,100,9800,4500,5200,5000,2200,200,3100,7700,3700,4100
122,15900,200,9900,4800,4800,5100,2400,200,3100,9000,4700,9800
123,18700,100,10200,4500,4900,5100,2200,200,3200,12300,3700,4300
124,17000,100,10100,4300,5100,5300,1900,200,3000,11800,3600,4200
125,18200,100,10300,4400,4600,5100,2000,100,3000,11200,3800,4500
126,18700,100,10600,4400,5000,5300,2100,200,3100,11400,3400,3900
127,19000,200,10400,4300,5100,5100,2200,200,3200,11400,3400,4400
128,18100,100,10900,4300,4900,5400,2100,100,3300,11700,3500,4300
129,19100,200,10900,4400,5600,5900,2600,200,3300,12500,4000,4400
130,17500,100,11100,4800,5600,5500,2200,200,3400,13500,3900,6400
131,18400,100,11300,4800,5400,5700,2100,100,3400,12200,3700,4600
132,21100,200,11500,4800,5200,5500,2300,200,3300,12500,3500,4400
133,21400,100,11600,4800,5600,5400,2300,200,6700,11800,3700,4600
134,19300,200,11800,4700,5300,5800,2400,200,3600,7300,3400,4800
135,19400,100,12100,4600,5800,6100,2200,200,3500,7100,3700,4700
136,21100,100,12200,4500,5300,5700,2300,200,3500,7200,3500,4500
137,20600,100,12000,4700,5200,6300,2300,200,3500,7300,5600,4800
138,20400,100,12400,4600,5500,5700,2300,200,3700,7900,3900,4900
139,21400,200,12400,4900,6300,6500,2500,200,3500,7600,3600,4700
140,20800,100,12800,5000,5500,5800,2400,200,3600,7600,3800,5200
141,22000,100,12800,5000,5600,5900,2200,200,3700,7900,3700,4700
142,22700,100,13000,5000,5500,5600,2300,200,3800,7700,4100,9100
143,20400,200,13400,5100,6000,6400,2400,200,3800,7900,3900,9100
144,22200,200,13800,5300,6300,6300,2400,200,3800,8200,8500,4700
145,23000,200,13800,5000,5700,6300,2400,200,3900,7800,3800,4700
146,23600,100,13700,4900,5600,6100,2400,300,3900,12800,4000,5100
147,23100,100,14400,5300,5400,6100,2400,400,4500,9600,4600,5300
148,21600,100,14500,5100,6500,6700,2500,200,4100,8100,5400,14300
149,24600,200,14400,5500,6300,6700,2600,200,4000,13300,3900,4900
150,25300,100,14700,5100,6500,7300,2500,200,4100,8200,4100,9400
151,23300,200,14600,4900,6300,7000,2600,200,4100,7900,4100,8300
152,24300,200,15000,5500,6800,7200,2500,200,4100,12100,4300,5400
153,26100,200,15300,5300,6200,6600,2600,200,4100,8300,4100,6800
154,24100,100,15100,5600,6800,7300,2700,200,4300,9300,9200,5700
155,23800,200,15800,5700,6800,7100,2600,200,4400,8700,4400,5300
156,25800,100,16100,5700,6400,7100,2700,200,4300,8600,4200,8800
157,27600,100,15900,5500,6300,7500,2800,300,4400,8400,4300,5400
158,25300,100,16300,5800,6800,7600,2700,200,4500,9500,4300,6000
159,26400,100,16400,5800,7000,7700,2800,200,4300,8800,8600,5600
160,26700,200,16600,5200,6400,7000,2900,200,4500,8600,4000,5200
161,29000,100,19700,7200,8600,8700,4900,200,5100,9600,4400,10800
162,30100,200,17000,6100,7200,7300,2800,300,4600,14700,4900,9200
163,26700,100,17100,5900,8200,7400,3000,300,4700,9200,5500,5700
164,29900,200,17200,6100,6900,7600,3100,200,4700,11100,10900,5900
165,30100,100,17600,5900,6800,7400,3000,200,4900,9900,5000,6300
166,27100,200,17700,5800,6900,7400,2900,200,4900,9200,6500,9100
167,31200,200,17700,6000,7200,7200,3400,200,4700,10300,4900,5700
168,32000,100,17600,5800,7400,7900,3000,200,4700,9500,8600,6300
169,28700,100,17900,6000,7000,7500,3000,200,4900,9600,4800,6100
170,29800,100,18600,6000,7500,8000,2900,100,4900,8800,4200,5900
171,30600,300,20000,7900,8500,8200,3200,200,5000,11000,14500,6200
172,30700,100,19200,6200,7400,7800,2900,300,5000,9900,5000,6600
173,33800,100,19400,6300,7900,8200,3000,200,5400,10000,4700,15300
174,31700,100,19500,6600,7400,8100,3200,300,5400,12700,7400,16200
175,31700,200,19500,6300,7700,8200,3200,200,5400,9800,6600,6000
176,31800,100,20100,6200,7900,8500,3000,200,5100,10200,4600,5900
177,34300,200,20000,5900,7800,8600,3400,200,5100,9900,5300,6200
178,34000,200,20400,6300,7700,8200,3300,200,5500,10100,5400,6300
179,29200,200,21000,6600,7800,8500,3500,200,5600,14600,5300,6100
180,31200,100,20800,6200,7400,8500,3300,200,5400,10100,9000,6500
181,35300,100,21000,6200,7800,8400,3500,200,5500,10000,5200,6500
182,31100,200,21400,6400,7900,11500,4700,300,7400,15400,11400,8000
183,34600,200,21700,6500,14500,9600,3300,200,5800,11500,5800,6900
184,34600,200,21600,6500,8800,9100,3400,300,5700,10600,19000,6700
185,34000,200,22000,6300,7800,9500,3600,200,5700,10100,4900,6500
186,36400,200,22200,6400,8000,8700,3500,300,6300,17300,5700,7300
187,37300,100,22000,6300,8300,9500,3500,200,5700,10500,5100,9800
188,35600,200,74500,6400,8000,8400,3500,200,5800,14800,4800,7000
189,33300,200,22800,6900,8800,9600,3500,200,5700,10700,5300,6600
190,34500,200,23100,6900,8400,9300,3600,300,5900,10600,5500,6500
191,38500,100,23000,6600,8900,9200,3700,300,5900,10300,9200,6800
192,38400,200,23300,6700,8600,9600,3600,200,6000,10800,5100,10000
193,38300,200,24300,7000,8000,9000,3900,200,6500,19100,6800,6600
194,37000,200,24800,8500,8400,9100,3800,300,6800,19100,7000,11100
195,38500,100,24100,6900,8600,10000,3700,300,6200,11000,5900,6800
196,40700,200,24300,7000,10400,9900,3800,300,6200,10800,5500,7200
197,38300,200,24800,7100,8900,10100,4400,300,6100,11300,5900,13600
198,39700,100,25000,7200,20100,9800,4200,300,6400,21400,6000,7500
199,39700,200,25200,7400,9600,10500,3900,1300,6400,11900,10800,7300
200,37100,200,25700,7300,8900,10200,4300,300,6300,11400,6500,8000
201,39900,200,26000,7100,8700,10200,4100,300,6600,17100,5900,7800
202,42200,200,25700,6900,10200,10000,4000,300,6500,11700,5700,7300
203,43200,200,26500,7900,10000,10500,4100,300,6900,11300,5800,7100
204,40700,200,26500,7700,9600,10100,4100,300,6700,16100,5700,7100
205,45600,200,26700,7400,8800,9700,4300,400,6700,11800,5500,7500
206,41800,200,26800,7100,9400,10700,4100,300,6800,12000,5900,7500
207,40300,200,26900,7400,9700,10700,4100,200,6800,16300,6000,7500
208,43100,100,27200,7400,9600,10400,4000,400,6700,11900,10800,7100
209,39100,100,29400,8200,9000,10100,4500,300,6900,14600,7700,7900
210,43500,100,28100,7900,10000,11000,4000,300,7000,19400,6200,8300
211,47100,200,28000,7600,10400,9700,4300,500,7300,13200,12100,7800
212,41700,100,28600,7800,9500,11500,4400,200,7000,13800,8900,10800
213,42800,100,28200,7400,9200,9600,4100,300,6900,12100,6200,7800
214,41700,200,27800,7300,9400,10800,4300,500,7300,16700,6100,8200
215,44300,100,30900,8400,10900,12600,4300,300,7200,12800,6000,8200
216,46100,100,30700,7500,14300,10300,5900,300,7100,12700,6000,11300
217,41200,300,29700,8000,9900,11500,4300,300,7300,18500,6300,8200
218,43100,200,29900,7700,9600,10500,4300,300,7400,12600,10000,8200
219,47800,200,30300,7600,11000,12000,4300,200,7400,12400,6100,11400
220,43300,200,30800,7900,11500,11000,4500,400,7800,14200,6400,8400
221,45900,200,30700,7700,9900,11500,4500,300,7600,19700,6600,8300
222,50500,200,30700,7900,9800,11100,4400,300,7700,13000,11000,10300
223,43500,200,31700,8100,10800,12700,4600,300,7600,12800,6000,8000
224,52500,100,31400,7600,9900,11300,4500,200,7600,13300,6600,11400
225,53600,100,32000,7900,11100,12700,4500,200,7800,19100,6100,8000
226,46200,100,32600,8500,10800,12900,4900,400,8100,13200,6900,8300
227,51500,100,32700,8800,11100,12500,5200,200,8200,15000,13600,9800
228,45500,200,33000,8500,11600,13700,5100,300,8200,13500,6900,12300
229,46800,100,33500,8800,11000,11500,4800,300,8300,15500,6500,8800
230,55800,400,33200,9200,10800,11700,5100,300,8300,18900,6600,8600
231,49500,100,33600,8300,11000,11800,5300,300,8000,15800,6500,8300
232,50600,100,34000,8400,10800,11700,5000,1700,7900,15800,11100,7900
233,48400,100,34700,8500,10200,12200,5200,300,8500,15100,7300,8800
234,49100,200,34800,8300,10000,10900,5000,300,8400,13600,6700,11500
235,52200,200,35100,8900,11700,12400,5300,500,8800,14800,6700,8500
236,49700,300,35200,9100,11300,13200,5500,300,8300,18200,6500,12000
237,48200,100,35800,8800,11100,12500,5200,200,8400,19700,6600,8500
238,61500,300,48000,9000,11300,14600,5400,700,11900,23600,18800,14800
239,83500,600,37400,10100,11000,13100,6200,300,8700,16800,9100,9300
240,55000,200,38900,9500,12600,12600,5400,300,9300,25400,6500,30400
241,52700,200,36500,9000,11000,12800,5400,500,9200,15200,7300,12000
242,58300,200,37600,9200,11600,14000,6700,300,10000,20000,8200,9400
243,51300,200,37800,11100,17700,16100,6900,400,9500,19100,6800,8600
244,58600,200,37200,9500,11600,16500,5400,300,9000,14300,14900,9800
245,59400,300,39900,9200,12000,13600,5500,300,9000,14000,11400,8800
246,61500,300,39600,9100,11500,12700,5400,300,9000,15000,12400,9300
247,55900,200,38000,8500,13900,12600,5200,300,9800,16800,12100,9100
248,60100,200,37800,8600,18800,21600,7100,400,9700,18400,12900,9200
249,68400,300,46400,12600,17400,20300,8300,600,13800,28300,24200,12900
250,64600,100,39400,9600,12000,14100,6300,300,9400,16400,7500,16200
251,62700,200,39600,12200,13500,13600,5600,300,9600,18700,7900,14700
252,61100,200,40300,10500,12000,13700,5700,300,9600,18900,7900,16900
253,62300,200,40700,9100,11900,14200,5500,200,10300,15900,7000,12600
254,61400,100,41000,9900,12700,14100,6000,300,10000,15200,7300,12100
255,64900,300,42400,11000,15000,13400,6200,300,10100,21500,7000,9000
256,56800,100,41400,10000,12300,13500,5900,300,10100,22400,7700,9700
257,66600,600,48600,11700,11600,13400,8300,200,9800,25400,7400,9700
258,60100,200,42000,9500,12300,14600,6400,300,9900,21500,7500,9400
259,61100,200,42000,10000,12300,14000,6500,300,9900,22500,7700,10000
260,58700,200,42700,9600,13300,14300,6000,300,9900,21600,12200,10000
261,61200,200,48400,11400,15600,14900,7100,400,10100,17100,8900,9800
262,61400,200,43400,11300,11900,13200,6000,600,10500,17300,7700,10600
263,65400,100,43300,9600,12200,14100,5900,600,10200,15000,6900,9600
264,64000,100,43800,10600,12400,13600,5700,300,10100,15200,7100,9400
265,58000,200,44500,9500,12800,15000,6200,300,10300,24000,13800,15400
266,67800,200,44300,9300,11800,14000,20900,300,10100,20000,7900,10000
267,57500,100,44900,9800,12600,14700,6600,300,10300,20100,7800,9400
268,66000,200,44900,9400,12100,13800,6400,300,10300,19100,8100,10100
269,63500,100,45400,10200,13300,14800,7300,300,10500,28300,9500,10500
270,64700,100,45800,11400,11600,12900,6700,400,10300,21100,8200,9600
271,64800,200,46300,10200,18000,14800,6100,400,11800,21800,7900,9900
272,64900,200,46100,9600,13000,13800,6500,400,26600,36300,7300,9200
273,75200,200,46500,9800,14600,15100,7200,300,11400,22500,8000,14400
274,66600,200,47100,10500,13200,14600,7000,300,11200,15700,7900,12300
275,63800,200,46900,9900,13400,14700,6300,400,10700,15600,7400,12500
276,67200,100,47600,10200,13200,15400,6600,300,10800,17800,7900,13400
277,70900,400,48000,9700,13700,14800,6800,300,11000,16500,8200,10000
278,70000,100,48100,10100,13000,16400,6600,300,11200,17300,13300,10300
279,68900,100,48700,9900,13700,16400,10500,300,11100,16600,12700,10000
280,69100,200,49500,11100,13700,15500,7200,400,11500,20600,12800,15800
281,87100,200,49500,12400,13300,16500,6900,900,11300,23100,8200,21700
282,88500,300,58300,14900,22900,22400,10100,500,11700,25500,8200,13700
283,71300,200,49800,10600,13300,15900,7100,300,11400,21700,8100,10100
284,79400,100,50200,10200,14800,14600,6600,300,11400,20700,8000,18800
285,65700,200,51200,10400,14000,16600,6600,300,11400,16500,7600,17900
286,71100,100,51200,9800,13200,15600,6600,500,11900,18800,8600,10600
287,65200,200,51800,11600,13700,17300,7500,300,11700,16700,11700,9500
288,70200,100,51800,10900,14600,16000,7000,300,11700,16300,11000,9800
289,71300,200,52400,11000,13100,15300,7000,300,11600,16600,7900,10800
290,74400,100,52300,10600,19000,16100,8400,300,12000,25100,8300,10600
291,79800,200,52800,11800,13900,15900,7100,300,12600,25700,8600,13800
292,69600,100,53600,11100,13700,14900,7500,300,12600,18800,8300,16100
293,72000,200,54300,10800,18200,19900,7200,300,12600,18400,8200,10900
294,68600,100,54000,11200,14500,17100,7300,300,12800,24100,8400,13800
295,67800,100,68500,11000,14400,16500,7100,300,12900,19000,19300,14100
296,72800,200,54700,11000,13300,15700,7400,400,12800,18200,8800,21200
297,79800,200,55900,11100,13800,15400,7200,300,12900,24400,8800,11100
298,75200,100,56900,11300,13900,15800,7200,300,12300,18400,12000,10500
299,82200,200,56000,10600,14300,15600,6900,300,12700,37200,8900,13500
300,76400,100,56200,11300,36500,16700,7900,300,12500,17500,8100,10700
301,74700,200,56400,10900,14200,16200,7200,400,12800,20400,11300,10400
302,78400,100,57100,11100,13800,15900,7400,300,12900,21700,8900,13900
303,80500,200,57000,11800,14800,18000,7900,500,13300,19900,9700,11900
304,73800,100,57700,11300,15800,15900,7300,600,13100,22900,13300,14400
305,84300,300,67000,15600,24600,21000,10200,700,20100,32500,12100,16300
306,73200,200,58200,11200,13400,15500,7400,500,13300,19500,8600,10700
307,84300,200,58700,11400,14700,17000,7700,400,13400,21300,16800,15900
308,72700,200,59500,11800,15000,16400,7900,400,20600,25100,8800,14700
309,80800,100,59500,11400,14500,16700,7400,300,13200,22000,8900,11100
310,85300,100,59400,10800,13900,15500,7400,300,13800,19000,13700,10800
311,79200,200,60400,12100,23200,17000,8500,400,13800,18600,8500,11200
312,91900,100,60200,12400,14900,17000,8400,300,14000,30000,10200,16000
313,90100,300,60900,12000,15400,24500,8000,800,13800,19400,8600,14800
314,86200,200,59900,11200,14500,17500,8200,400,13400,18700,12000,11400
315,86000,200,59800,11000,14500,16300,8000,500,13800,18000,9200,20800
316,92200,200,63500,11200,26500,17600,8200,600,13800,23200,8700,17200
317,83100,200,62500,12300,15400,19000,8000,500,14200,19300,15000,11800
318,83400,200,62900,16000,15600,17500,8200,400,13600,19000,12000,13700
319,85300,100,63500,12000,15700,18300,8700,300,14200,39700,14600,17300
320,105000,100,64100,12800,15500,18500,8900,400,14000,27500,11400,24200
321,85300,200,64000,12100,14700,17800,8100,300,14000,18400,9000,11500
322,82300,200,64700,12200,15500,18300,8200,400,14300,19900,12300,11900
323,95300,400,64200,11300,15000,17700,8300,400,14200,19700,9600,11500
324,89700,300,64200,11400,15000,17200,8800,400,14200,25100,9000,14900
325,90300,400,65700,11800,16000,17300,8400,300,14300,23200,9100,14800
326,87500,200,65600,11100,15200,20000,8400,300,14500,19100,13800,11600
327,84800,200,66200,12200,17800,18400,8800,400,14600,21000,14500,11800
328,98000,300,65700,11800,15700,21300,8400,300,14500,27900,10400,11200
329,85100,400,66200,11900,16400,18400,8100,300,14700,26900,9300,15800
330,87100,200,67300,11900,17700,18600,9200,300,14800,24900,9800,22600
331,90200,200,68100,13200,16400,19700,8900,300,15000,18800,10300,12800
332,92100,100,68600,12600,16400,18900,8900,300,15100,22300,21500,14700
333,97500,200,69300,13100,15500,18500,8900,400,15200,20700,13500,15700
334,94600,100,73100,11800,16600,18400,8600,500,15400,20000,13600,12400
335,83900,100,69100,12200,15600,17700,9000,400,15300,26000,9600,15400
336,85600,200,70200,12600,16400,18400,8800,300,15100,23200,9800,14600
337,93200,200,70400,11900,16200,19700,8500,300,15400,24200,10200,15400
338,96100,200,70500,11400,19800,19400,8800,400,15300,19900,12400,13300
339,95900,400,70400,12400,15500,18200,9700,300,16100,21700,15600,12500
340,92400,200,71500,13000,16200,18800,9700,400,27900,20700,14700,34200
341,95700,200,71800,12900,18800,19300,8800,300,16200,22100,17400,12900
342,91100,200,72500,12600,16600,19500,9300,400,15700,20800,12800,14500
343,97500,200,72800,12600,15700,18000,9200,400,15800,21500,10100,14400
344,105400,100,72800,12400,16300,25600,9200,300,15800,24200,9500,12500
345,105500,200,72800,11900,16500,18900,9000,300,15900,24600,9400,18300
346,89900,200,73100,12600,16800,19100,9400,300,15900,23000,9300,15800
347,95400,200,74800,12800,16900,18900,10000,300,16200,24000,9600,19800
348,106300,100,75400,13800,20200,19800,9700,400,16300,25400,9900,15400
349,90500,200,75800,13000,16900,20500,10000,300,16600,24700,10100,15500
350,112400,200,75400,13200,19600,20700,9600,300,16500,20600,9700,17000
351,96100,200,77100,13800,17600,19900,9700,400,23600,24700,11000,14300
352,105000,100,76600,14100,16900,20900,9600,400,16900,26400,9900,12300
353,103600,200,77100,13600,18500,18900,9500,400,16800,20300,9900,12500
354,107200,200,77900,12900,18200,19200,10000,300,16800,21400,13200,12700
355,105200,200,77500,12300,15800,17700,9700,400,16700,20800,13500,12500
356,103100,200,77900,13200,17900,18100,10300,300,17000,20600,13300,12000
357,112400,200,78800,13900,19000,19300,10000,300,17000,20500,12600,12200
358,97700,200,79000,13500,19700,20600,10800,400,17200,22300,16200,12900
359,118500,100,80000,13100,17300,20300,9800,600,17600,23400,19000,14400
360,98900,200,80200,13400,17700,20900,9700,400,18000,22200,15500,14400
361,106000,200,80400,13600,17300,19700,9800,400,17600,22700,14700,13300
362,109300,200,81100,13400,18300,21000,10300,400,17800,21900,15000,13700
363,132800,100,81000,13300,18800,19600,10000,300,17500,21000,14200,16100
364,109600,200,80700,13100,17500,21200,10300,400,20300,21200,10000,12700
365,100100,200,82400,13400,16800,20800,9900,300,18600,23100,10500,18700
366,106000,100,82200,16600,17800,26600,10400,400,17500,22600,10500,21300
367,109300,200,83000,13400,17300,20300,10000,300,18000,26000,9900,15900
368,109600,200,83400,12800,18500,39000,9600,400,17800,24800,13600,16200
369,104200,200,84500,13300,17700,20700,11000,400,22800,23400,14700,15400
370,102000,200,83500,13700,18600,20900,10200,400,18000,22000,14500,13900
371,106000,200,84800,13600,17600,20500,11000,400,18300,22300,14300,13200
372,119500,300,84600,13600,20400,21800,10400,300,19000,23700,15200,14000
373,107700,200,85700,13500,18000,21400,10700,400,19100,27100,14800,13600
374,108200,200,86200,13400,17400,21000,10400,400,21100,23100,10700,13400
375,118400,100,86600,14500,18400,20300,10700,400,18800,24700,11100,17600
376,109700,200,87600,13600,18700,21000,10900,400,20800,30600,11300,21100
377,177900,300,87400,14800,18200,22500,12000,300,30400,43900,14100,18600
378,121200,200,90600,14800,18400,22400,11400,400,19900,28900,11100,21200
379,116900,200,88600,14500,18400,21100,11100,400,18800,25400,10800,20700
380,114300,200,89000,13700,17200,21100,11600,400,19400,24400,14300,16000
381,120700,200,88800,13500,18200,22200,10700,400,19200,22700,14700,15100
382,116800,200,90300,14000,18100,23800,10900,500,19700,21300,13900,14200
383,115300,200,90300,14500,18600,21200,11600,400,19700,22600,10700,23700
384,117200,200,90700,14200,17700,21000,11300,400,19600,44600,21700,22700
385,117800,200,91000,15100,19300,22700,11800,300,19700,27500,10700,21400
386,115600,200,92000,14800,18400,21200,11400,400,19700,27400,11200,14000
387,109200,200,92300,13600,18300,21700,11200,400,20100,23900,14100,16900
388,121800,200,92500,13800,18700,21300,11400,400,19700,23300,13900,14300
389,127200,200,92700,13600,18300,21400,11500,400,26400,23200,14300,13700
390,125700,200,92900,13700,19000,24300,11300,400,24400,22600,10700,17100
391,110000,100,93900,14200,18400,22000,11400,400,19800,29600,10900,23000
392,127500,200,94800,13800,18900,22500,11600,400,20200,28700,11000,15300
393,132500,300,94900,14400,18900,23300,11400,400,23700,23000,14400,14800
394,117100,200,95400,14700,18800,29100,11300,400,20500,32300,15700,14700
395,120700,200,96300,14700,19200,24200,11500,400,20500,28000,11000,21600
396,118600,200,96500,14200,21200,22300,11100,400,24800,27800,11600,17200
397,128400,100,96300,14100,18800,21900,12000,400,20300,27900,11300,16600
398,136600,200,97400,14400,18300,21300,11900,300,20600,23100,13900,14600
399,126900,200,97600,14800,17700,21000,11600,400,20500,24100,11400,16900
400,132900,200,98500,13900,19100,23400,11900,400,20800,27300,11000,17300
401,132200,200,98700,13900,20200,23200,11900,400,21700,30400,11100,16600
402,123900,200,99800,15900,19600,22500,11900,400,21700,25900,14700,15200
403,118000,200,100400,14800,19200,23400,12200,400,21300,25000,11200,21800
404,122700,100,100100,14500,20300,23900,12400,400,21200,31800,11500,20300
405,129500,200,100100,13800,19900,23200,12300,400,21100,27600,14400,14600
406,138300,200,100900,14200,18000,20800,12300,400,21300,25100,14100,14700
407,125500,200,102300,14600,19200,22600,12000,400,21800,23900,11300,22200
408,137900,100,101900,14500,18800,29200,15600,500,22400,37100,13100,27700
409,126200,200,115900,15500,20000,24500,12500,400,21600,24800,14000,15500
410,120500,200,103300,15400,21000,22500,12700,400,22500,26600,16400,17800
411,164300,200,104800,14600,20100,25800,12700,400,22300,29700,11500,23000
412,122800,100,104400,14900,20100,23200,12900,400,21800,29400,14200,18000
413,152600,100,102700,14500,19300,23000,12000,400,21500,28400,15000,13800
414,130800,100,106100,15000,20900,30100,13100,500,22100,37400,10700,18700
415,133200,200,105800,14900,19400,23200,13100,400,22300,28600,14500,14900
416,143500,200,106300,15400,19600,23800,13300,400,22500,25000,14600,14800
417,135400,200,106600,15200,20000,23700,12900,400,22600,29200,11500,17300
418,144900,200,107400,14800,22100,24000,13200,500,23100,41400,15100,15800
419,140200,300,109300,15600,19400,23300,12700,400,22600,25900,14600,14900
420,139200,200,108400,15100,20800,27200,13200,400,29100,29100,11500,20400
421,126700,200,108500,15200,20500,24100,13100,400,23400,31400,14900,15300
422,156400,200,108400,15900,22900,23800,13000,400,23000,26800,15700,18600
423,142400,200,110100,16100,23500,24400,12800,400,23000,1132700,10300,13000
424,148400,100,110200,16600,19600,22400,13600,500,23800,24200,10100,16800
425,143400,200,111300,16600,20600,24800,14800,400,23100,24200,9600,13700
426,139900,200,111200,15100,19800,24100,13200,400,23700,24800,9900,16300
427,131700,200,112300,15800,19600,23400,13000,400,23500,24500,10100,13200
428,142400,200,111400,15800,19700,45300,13900,400,24100,31200,11900,17000
429,141100,200,112800,18300,20700,24900,13200,400,23400,25000,15300,14100
430,143000,200,113600,26600,20900,27300,13700,400,23800,31500,12200,18800
431,140200,100,113500,16500,20000,22900,13400,400,23700,32400,15200,14600
432,153900,200,114500,15500,24900,25000,14100,400,23800,30900,12200,22400
433,150700,200,125500,16400,21100,23600,13400,400,24000,24800,10200,13400
434,151500,200,115400,15600,22600,24700,14200,400,25100,26800,10300,14700
435,167400,200,115600,15700,20400,23100,13800,400,24300,24200,11300,13600
436,145800,400,112900,15300,20300,24500,12900,400,23600,23700,9800,12600
437,151800,100,116200,15000,20000,23100,13000,400,23900,42000,10200,13200
438,150500,200,117600,16900,20800,23400,14100,400,24800,33900,9700,15300
439,144400,200,117700,16000,25100,24100,13400,400,24700,25700,10400,26200
440,168500,300,122500,16100,21200,26000,13900,400,25400,27300,10400,16300
441,152100,300,119300,19700,20700,24200,15500,400,24600,24400,9700,13600
442,139100,200,120100,16500,21100,23600,14100,2700,25000,25800,10700,13700
443,143300,100,120200,16400,21200,25600,14200,800,25300,27200,10900,14000
444,153600,400,119400,16500,22400,23800,14400,600,25400,25500,12100,15300
445,146400,200,121700,17100,20800,23400,15500,400,25300,25400,10100,13000
446,146600,100,121200,17000,21600,24400,14800,400,25300,27700,10400,13600
447,153000,200,121900,17300,20900,24000,14300,500,25600,24900,10500,12800
448,140200,200,122700,16700,21900,25600,14100,400,26100,25500,9900,13300
449,154000,200,122000,16200,21000,23500,14300,500,25900,26500,10500,15900
450,147100,200,133900,15300,21100,24600,14000,400,25700,28600,10400,14500
451,146200,200,125000,18400,25000,27300,15000,500,26000,27600,10600,14600
452,149100,200,125600,16300,27600,25300,14800,500,39200,32000,10700,13900
453,146800,300,125900,17300,21100,26600,14800,400,25900,26200,10500,14100
454,157300,300,126700,16200,25100,27400,14600,400,26300,26200,11000,16500
455,153400,100,126800,17100,23300,25000,15600,700,26600,28900,12300,14300
456,160500,200,127300,17700,22200,25600,14900,500,26400,24700,10300,13500
457,160300,200,127900,17300,21400,24800,15000,400,26800,26300,13600,15600
458,163600,200,128300,16600,21100,25200,15000,400,26400,26900,10600,13700
459,174500,200,129200,17200,22500,24700,14900,400,27300,27900,10800,14200
460,168400,200,129500,16800,23100,26700,15100,400,27500,27400,10700,15200
461,157900,200,129900,18200,22000,27300,15900,400,26600,25900,10400,17400
462,154100,200,130500,17500,24600,23600,15800,400,27100,28100,11000,14300
463,150000,200,130700,17500,21500,25900,14900,500,27000,27000,11200,14800
464,161900,200,132500,16400,20800,24000,15700,400,28400,30600,10100,21500
465,178300,300,132800,15600,21400,28300,15600,400,27700,26400,10600,14700
466,169500,300,133000,17400,22700,25800,16000,500,27500,26100,10500,14400
467,170700,200,134200,16600,22100,26500,15500,400,27600,26200,10700,14500
468,180300,200,133100,18100,21400,24500,15700,400,27300,25400,10400,13500
469,171500,200,135400,18600,23700,26400,16300,500,28000,26300,10700,14100
470,160500,200,134600,18400,21400,24500,16800,400,27900,28000,10700,14700
471,181800,200,137500,18400,24500,38800,15500,400,27800,25900,10600,18800
472,165700,200,144300,17100,22600,28200,16500,400,28400,26000,11100,14900
473,165800,200,136600,17700,22700,27200,15800,500,28400,27300,11000,17300
474,200900,200,136800,16000,22300,26500,17200,400,28100,29500,11500,15200
475,166600,100,137400,18000,22700,27100,17200,400,28600,28700,10900,15000
476,165400,200,138100,17800,23100,25500,16000,500,28600,26500,10700,14700
477,164500,200,151800,16800,22800,27200,16500,400,28900,27900,10900,21400
478,181800,200,140100,18400,24400,28100,15800,400,28600,26000,10800,14800
479,183900,100,140800,16800,22100,25600,16000,500,28900,26800,10800,14500
480,191400,300,140600,17700,24100,29000,16900,700,29300,28100,12600,15200
481,184500,200,141700,17600,22400,25400,16300,400,28900,28100,11300,14300
482,193900,200,142100,16300,23500,27200,16600,500,29200,26500,10700,14300
483,167500,200,143000,18400,25100,28900,17500,500,30000,28500,10800,15100
484,167400,100,142800,18600,23900,27000,16700,500,29400,28100,10700,15400
485,166600,200,143900,18000,23400,27000,16100,500,29600,27100,13500,14700
486,169500,200,144000,18200,25900,27700,16500,500,29600,35200,11200,15000
487,175500,200,144600,18100,25200,29300,16400,500,29800,27800,11100,14600
488,168200,400,144700,17500,36700,26500,16500,500,30000,28700,12700,15900
489,195700,400,145200,17400,24600,26600,17200,800,30100,37500,13000,16800
490,177600,300,146800,17700,23700,27600,17700,400,30000,27400,11000,14800
491,185400,200,148300,17700,25600,27000,34900,400,30100,29900,11500,15600
492,176300,200,147900,17800,26100,28100,17400,500,30600,28600,11300,15400
493,171600,200,148000,18300,24600,28500,17000,400,31100,28100,11400,19100
494,170500,200,149900,19100,26800,28000,16900,400,31000,32100,11200,19200
495,173500,200,149300,19000,24200,27600,17300,600,30600,29200,13600,15500
496,183700,300,153400,19100,27100,25300,18100,600,30700,29200,11100,14600
497,177100,200,150900,29500,25300,28000,18400,500,30800,29100,11000,14800
498,188700,200,152000,17500,26500,28100,16800,500,30800,28000,11400,18100
499,233800,200,150900,18300,24600,28100,17400,600,31000,28200,11300,14800
500,174500,200,153000,18600,24000,27700,24800,600,40400,27200,11200,15000
501,176700,200,160300,19100,23700,28300,17600,500,31200,44200,22700,25000
502,189000,200,153800,18600,23600,27200,18200,400,31300,31400,11500,15400
503,184000,200,154400,19600,24600,28600,17700,500,31400,29800,11400,16400
504,181300,300,152000,18100,25100,27100,19900,600,31400,29000,11500,15400
505,178500,200,152000,18500,24900,28500,17300,600,33400,29500,15800,16000
506,189800,200,152200,18500,27300,28800,18300,400,32000,30200,11500,23800
507,182200,200,157200,18700,27300,28900,17700,500,32000,30700,11800,20200
508,194300,100,157900,20500,24800,27500,18600,800,32100,30600,11400,19300
509,177900,500,157900,19000,24200,27400,18400,500,32400,29000,11400,15300
510,182200,300,158600,18600,25800,27300,17900,500,32300,28800,11300,20500
511,184000,200,160700,19000,27000,27900,19000,400,32600,29600,34300,14600
512,183900,100,159900,19800,27900,29800,18000,400,32600,29400,12000,14100
513,186200,200,159800,19000,25900,28000,18600,400,33200,30300,16100,16400
514,197300,200,161900,20000,25700,28000,18000,500,33400,29800,14200,17200
515,200800,200,162200,19900,28200,29300,24200,500,35500,29200,30900,15300
516,215600,200,163900,19600,25300,30000,28300,400,32900,28600,18300,15000
517,200600,300,162400,19000,24100,29400,19000,500,33500,30400,13100,15700
518,198200,200,163900,18600,24800,28100,24800,500,33700,29400,13300,16400
519,233400,200,162800,17700,24200,28700,18100,500,34000,29400,12300,20000
520,201200,200,164600,18400,24300,28300,19200,400,33600,29300,22200,15400
521,227600,200,166100,18600,25700,27900,19700,500,33900,31000,14200,16000
522,206100,200,167000,20200,25100,28600,18500,500,34200,29400,12800,15000
523,200300,300,167200,20500,25000,28600,18500,500,34100,37300,18500,17800
524,200200,200,167400,19400,25600,27700,19800,500,34000,31200,12500,15900
525,222700,200,168800,20900,27400,30000,18400,500,34300,28600,12000,15400
526,193400,200,172600,22800,25600,28400,19300,400,35100,32900,15100,17700
527,223200,200,169200,19700,25400,28700,19500,500,34500,31900,12700,16000
528,250400,200,169300,19000,24600,28200,40300,500,34600,29700,11800,15500
529,234300,200,171900,18100,24400,28400,19300,500,34400,29000,14100,16900
530,210800,200,172300,19800,24700,27400,20000,500,37000,29800,11900,15600
531,221200,200,172200,20300,28300,28900,19600,500,34700,29100,17100,15700
532,239600,200,176500,20000,25500,29300,20200,400,34800,28700,11800,15500
533,196800,300,172500,19100,25900,33100,19000,500,35800,31700,12700,15100
534,250700,200,172500,20200,25900,30400,19000,500,35600,30800,16300,18100
535,226900,200,173300,19200,26100,30200,19700,500,36400,31300,12400,21300
536,243200,200,174600,19000,23800,27800,19500,600,35300,30400,11800,20300
537,208500,400,174500,18600,25800,29200,19600,500,35400,29500,12900,16000
538,273100,200,176300,19600,26400,29300,20000,2900,35500,29200,12100,21300
539,200700,200,177500,20500,25100,29400,20500,1100,35900,46000,15300,18300
540,231100,200,178000,20800,25300,29000,19300,500,36500,34200,13500,16300
541,204700,200,178000,20000,25900,47100,20000,600,36000,30900,12200,17200
542,222300,200,178400,19600,25600,29000,20200,600,36300,33200,12700,19800
543,204300,200,178500,19500,25400,28800,20500,600,36700,32500,13100,34300
544,200300,200,181900,21200,25400,29600,20300,500,36800,31700,23400,17400
545,230000,100,178000,20700,25200,28900,20800,500,35700,30700,12500,15800
546,206600,200,180900,20800,25800,28900,24200,500,36900,32500,14400,18400
547,214400,200,181800,19700,25400,31200,20700,500,36700,33200,12700,17200
548,203800,300,182900,20700,26600,29300,21100,500,38600,32800,14000,18800
549,232100,200,190000,19300,26900,30300,19900,800,37100,32600,13100,17200
550,213500,200,184200,21000,27400,31100,21100,500,37600,32100,12500,19500
551,218100,300,185000,20100,26100,31000,20500,600,37400,40600,12500,20100
552,235700,300,186300,21800,28700,32200,22700,1400,37900,33700,12400,16400
553,242800,200,186900,21100,27600,31800,21300,500,37400,30700,13200,16200
554,226400,200,187800,20500,26700,30500,38200,500,37900,29800,14900,17700
555,206800,200,186700,20100,26300,30300,20500,500,37500,29700,13700,16400
556,229200,100,188400,21000,28500,33300,21300,600,38600,30900,12900,22700
557,233400,200,189700,22100,33600,31700,22100,900,38200,36400,12900,16900
558,219800,200,190500,19700,28400,32900,20100,800,38000,34800,13900,17500
559,213300,200,189700,20000,26000,30900,20800,500,38500,34700,12900,17100
560,213000,200,190300,20600,25800,29800,20600,500,38700,35100,13200,17800
561,235200,200,191800,21100,28000,32700,21700,500,44100,31900,12900,16500
562,218300,200,192200,20200,30400,33400,22400,600,38700,33900,16100,17400
563,225700,200,192300,20200,28400,32500,21600,3000,38900,33700,13600,21300
564,220000,200,194000,19800,25500,29600,23000,900,38700,33700,14900,16600
565,275200,200,195000,19900,25300,30800,21200,700,38700,31300,13300,16200
566,230900,200,195900,21700,26900,30300,20900,500,47900,31300,20200,16100
567,214500,300,195400,21100,25400,30900,21600,500,45000,33900,15600,17800
568,218300,200,196000,21100,27900,31700,22300,600,39800,32900,15500,17300
569,234400,200,198300,21300,26400,31600,22400,500,43100,35600,17700,19900
570,219900,200,197400,21500,30900,30800,23600,500,40200,33800,14500,16900
571,223500,300,197900,21300,27500,30900,21700,500,40000,33100,12900,16200
572,229400,200,200200,20200,27700,30700,22600,600,40200,34700,13300,17300
573,231000,300,199000,20400,27800,61300,22200,2300,40000,33400,12900,33000
574,294800,300,199100,20800,29400,31600,21700,700,40500,34100,14900,17200
575,265300,200,203100,22500,29900,33200,23600,500,40300,33500,13400,16700
576,260100,200,201000,20400,27700,33600,22400,500,40300,32100,12800,16700
577,274700,200,202100,20500,26200,30400,22100,500,40700,32900,17400,17000
578,292100,200,201300,19900,26800,30700,22200,500,40600,31400,13100,16000
579,239200,200,204100,21200,28600,33600,42000,500,41000,34900,14200,17600
580,237500,200,204400,21000,28100,32300,23500,600,41000,34900,13500,17900
581,254500,300,205900,22600,26600,32100,24200,500,41300,34900,32200,17000
582,230800,200,205400,21800,29600,32800,22900,500,42100,37100,14400,18000
583,249400,800,212500,22100,27500,31400,23000,500,40800,34400,13900,17300
584,268900,200,205700,20400,31200,33400,22600,500,42100,32600,14900,18400
585,237600,200,208300,21600,28300,32900,23500,500,41700,35000,13500,18300
586,235100,200,208500,21700,28200,30900,43300,600,41800,35300,13400,17800
587,268100,200,209700,23500,30100,33600,24000,600,42500,35500,16900,18900
588,234100,300,209200,21500,30300,33700,36500,600,44300,40500,13800,18100
589,248900,200,211400,22100,27900,30800,24400,500,42300,34800,16200,19600
590,262000,200,213100,22500,29200,33500,23000,500,44500,42100,13400,18000
591,237600,100,212700,20800,30800,31100,23900,500,42600,34700,13700,17500
592,240300,300,213100,22200,27200,34200,23700,400,42900,33100,15700,17900
593,227200,200,213100,21600,28400,33000,23300,500,42800,35400,13400,19900
594,278700,200,213800,21000,30900,34700,24300,700,43000,33400,13800,22100
595,257200,300,215800,22300,28200,32400,23900,2700,43100,36600,13700,17500
596,243900,200,215800,21500,26800,31100,23600,4100,43200,36200,13900,18600
597,258700,200,216800,22900,30200,32600,23400,700,43500,35800,13900,18000
598,236500,200,216600,22900,28100,32900,23900,500,43800,34900,14000,17800
599,252500,200,218300,23300,29300,33900,33100,500,43600,34500,15000,18900
600,241200,200,218400,23200,27500,32500,24100,500,44000,33400,13800,23800
601,246900,300,219700,22400,29000,32800,24700,600,44100,37400,13700,18600
602,248700,200,221000,22500,30300,33000,24200,500,46000,40000,16600,21400
603,255600,200,220400,22600,33700,38300,23900,500,44100,34900,13200,17700
604,248700,200,221600,21800,29200,31400,24900,500,45100,37500,14000,18800
605,257400,300,222700,23500,29400,33000,25400,600,44600,39200,14100,19900
606,270000,300,222700,21700,28500,34100,24500,500,44800,35500,19300,23200
607,238500,200,222200,21600,28500,32000,24000,600,44900,33600,14300,17400
608,257500,200,223300,21900,28400,33500,25300,500,55000,36900,19600,18600
609,258100,200,222000,22200,28400,34600,23900,600,45200,55100,14800,21200
610,270400,300,227100,23200,29200,33900,25100,500,44500,34700,14300,17700
611,251000,200,228200,23000,29400,31800,24900,600,47400,46600,15700,22600
612,263000,300,221900,21800,28600,32300,24900,500,44300,34000,14000,23800
613,276500,200,228300,21400,27600,31800,24800,500,44800,47100,22900,23600
614,244700,200,223400,22500,28100,33300,24800,500,45000,43700,38700,26300
615,259900,100,225700,22200,28800,33300,25300,500,45200,43600,20300,23900
616,259600,300,230500,22100,29900,34000,25100,600,46300,44100,24000,25600
617,263500,300,233500,23300,29000,33400,25900,500,46800,42200,19000,24100
618,257100,200,225000,22400,32700,32800,25500,500,45200,40500,25700,24600
619,279700,300,234200,23700,29300,34000,24700,500,45100,35700,19900,23100
620,262600,300,235300,21800,28600,33300,25300,500,50500,42700,20300,23700
621,272400,200,234900,22600,29000,33500,32900,1000,46200,42200,23700,27500
622,248400,200,228800,22900,28500,33500,25200,600,47900,37800,17300,26900
623,265900,200,235800,22300,32000,35200,25800,500,47800,46600,25800,26000
624,258500,200,235800,23200,30900,34900,26400,600,47400,40800,23500,22800
625,258200,300,236900,22600,28900,34800,24800,600,47300,43300,20300,25200
626,271400,200,239000,24400,30600,34600,26800,700,47400,42500,21300,24500
627,287100,300,237600,22600,31500,35400,26300,600,57000,42600,21000,27100
628,263700,300,239200,22600,33100,34600,27300,900,46900,46200,27300,26600
629,263100,200,252100,23400,30800,35100,25700,600,46700,42300,20100,20900
630,270100,200,239200,22100,28500,34100,25700,600,46700,49700,20800,28900
631,260200,200,235700,22900,35800,33000,25500,700,46900,61400,20400,26300
632,269400,200,242700,22900,28700,33800,25400,600,46700,44000,21000,84900
633,455100,200,257100,27100,35200,41200,27500,600,48600,45400,27900,25400
634,272700,300,242800,23100,29600,33000,25200,500,47500,42600,28600,24300
635,266400,200,247100,24300,30700,34100,27500,600,49100,43600,23500,23800
636,273700,300,246300,24800,30500,35900,26900,600,49300,46100,21400,33500
637,292600,300,245900,22900,30200,33500,27100,600,48900,51000,41900,24300
638,273500,300,246000,23900,30600,35700,27100,500,49300,45300,24600,25900
639,288200,500,249600,23600,33700,33900,27400,2000,48800,54900,21200,32200
640,278500,300,249600,23500,30900,34700,28500,600,49500,45100,20400,25100
641,290600,200,248300,23500,30900,35700,27900,600,49900,45500,21200,25400
642,288600,200,250500,22400,34000,34800,27500,600,49700,44500,34800,21900
643,284500,200,244300,23700,29600,33400,26400,600,49300,44500,28800,25800
644,284100,200,252000,24800,31800,40400,27700,600,50400,40100,18200,27000
645,273700,200,251700,22900,32000,33000,26600,600,50100,46300,28900,31400
646,287600,200,252500,23800,30400,35300,26100,600,49900,42200,19200,22100
647,294300,300,254800,24400,32100,35000,27600,600,50400,45400,24800,32900
648,303700,200,256400,25300,31000,36900,27900,600,50900,49100,45600,44200
649,280400,200,254800,23300,34800,33800,28100,600,50900,43200,18200,22800
650,288200,300,255900,23300,33100,36700,28000,600,50800,43900,21300,26800
651,276700,300,257500,24000,31500,34500,27200,600,50900,45700,23800,27400
652,308700,200,259100,24300,32100,37500,28700,600,51000,43200,21300,25900
653,307300,300,259700,23600,30800,36600,28500,900,51200,57200,23700,33300
654,295900,200,259300,23600,30600,35700,27500,600,51700,43600,18500,23300
655,317400,200,259700,23600,30400,35300,26900,500,51600,43700,24000,25900
656,304500,300,260500,24400,31400,35400,28500,600,51600,45900,25100,26100
657,357000,300,262400,23700,29300,37500,28400,600,51600,43300,18200,23900
658,290300,200,263100,24800,31300,35100,29100,1000,52200,47300,21200,26500
659,318600,200,263000,25600,33700,34500,28400,500,52700,46200,31200,32300
660,275100,300,264000,23900,32300,38900,28500,600,52300,39800,21000,24000
661,284500,400,265200,25100,34700,35400,28200,600,52500,55200,22000,32600
662,285800,200,264700,24400,30700,34800,49900,600,52600,42500,23600,25300
663,302800,300,266700,23900,31300,34800,30000,600,53100,45700,19500,25000
664,328100,200,268100,24200,31500,36000,28900,700,53400,49200,21900,42900
665,292300,300,266500,23200,31100,35700,29600,600,53500,56300,22500,26600
666,303100,200,268300,25300,33400,39000,29300,600,53000,42600,19000,25100
667,295600,200,270500,23400,31200,35700,29200,700,53400,49900,21800,30900
668,297500,200,269700,23600,32700,38000,30500,600,53500,46700,25800,28400
669,295300,300,272000,23700,31300,36400,29400,500,54100,47000,46200,27400
670,319100,200,275400,25900,31800,36000,29700,600,54000,54300,19100,24000
671,291100,200,272400,23600,32200,36800,29500,600,54200,48400,23000,28100
672,314700,200,281700,24000,31700,37600,28400,600,54000,46700,21200,26500
673,303000,200,274800,23700,31200,36800,30000,600,54900,50100,21900,27700
674,346600,300,274500,24300,31700,37100,30000,600,54600,46000,18400,23100
675,326200,200,269100,23300,32000,35400,30000,600,53200,45800,22000,26600
676,319700,300,273400,24600,32400,37800,30100,600,55000,60800,30700,28500
677,316400,300,277200,24800,35900,37300,30300,500,54900,47500,21600,33500
678,313000,200,278500,24300,32700,39300,29700,600,55200,41300,19700,24700
679,299900,300,282700,25000,33200,40300,29300,800,55500,48800,22200,25000
680,304000,200,273700,24100,46100,38500,29100,600,54700,48800,27200,28500
681,303100,200,276900,25000,32100,36100,30300,600,54400,51700,21600,27700
682,331700,600,639100,25400,35300,38400,29700,500,55900,46600,25600,28200
683,342000,300,282100,25700,31900,37100,29100,600,55000,43300,18900,23600
684,305500,200,276600,24000,33600,36800,31900,600,55000,48800,26300,24700
685,341200,200,286500,25600,38100,37500,30000,2200,54700,47900,21700,26700
686,316100,300,280100,24200,34200,38100,32400,600,55200,45800,21300,27000
687,380200,300,288300,24900,33000,39500,32100,600,56800,59700,38000,27700
688,307700,200,286000,25400,33500,39800,30200,600,56700,45000,21800,27700
689,308300,200,287300,24800,32400,37100,31100,600,57000,49700,19600,24500
690,361400,200,287900,23700,33900,36900,30400,700,56900,48700,22000,24400
691,340800,500,286400,24000,31600,35100,29200,1000,54500,50000,21200,47700
692,298800,600,283200,25900,33500,37800,31500,700,57000,56300,22700,27600
693,317600,300,288300,26100,33700,37700,33000,600,56800,46900,22400,33500
694,372300,200,287900,24800,33200,36600,30900,600,56000,43800,21700,25900
695,311400,300,317200,24400,36500,40400,29600,600,56500,48700,22100,45200
696,352600,200,292900,26200,32000,40100,30700,700,56600,59900,19200,26800
697,344900,300,298600,25800,32500,36500,30900,600,57000,48000,19900,23100
698,314400,200,296500,25400,53600,44700,32100,600,57000,62800,43900,23600
699,303500,300,292400,26900,34600,37000,29800,600,56800,43600,22400,25400
700,334600,300,294300,28400,32700,37500,31900,800,59900,48600,22700,34500
701,321300,300,298800,26100,33700,38300,33600,600,58400,48500,23000,27800
702,343600,200,299100,25900,31700,36100,32500,600,59000,53700,23600,27800
703,331600,300,300800,26700,33500,36500,32200,600,59400,51000,23700,37900
704,372100,300,330700,25900,35900,37000,32100,800,58900,48700,22700,27200
705,381900,300,300800,24200,32200,37900,32500,600,57900,45500,22900,26900
706,335200,200,294400,25500,37900,44800,32600,1100,59900,51900,25700,28200
707,339900,400,302900,26400,33400,38200,32400,700,59500,45000,22000,26700
708,361200,300,299500,25600,32400,37200,32700,600,58300,43500,22300,28000
709,321600,300,305000,25100,33800,38900,33600,600,59700,45000,20200,27600
710,339000,300,302200,26000,34300,37500,31700,600,60700,49500,22000,26800
711,340300,300,335500,26800,33600,39000,33600,600,60600,53300,25500,25700
712,367900,300,306500,24300,32900,39000,33100,800,60500,49900,20500,25400
713,353500,300,354200,25700,32900,37300,32300,600,65500,49800,20400,27700
714,337700,300,308700,25200,34700,39500,32500,700,60700,52300,30100,27900
715,331800,200,303800,25600,36000,36700,31400,700,59300,54500,19800,27800
716,331900,300,308700,25100,35700,39100,31900,600,61500,56000,22300,28500
717,333100,200,310200,26400,38400,39500,33400,600,61100,45700,20100,28000
718,365200,300,316100,26700,34400,39200,33300,600,61100,43800,24400,27100
719,327700,300,311900,25900,33700,38900,32100,600,61500,50500,23200,32000
720,357100,200,306000,25900,39200,40900,33400,700,61700,47400,40100,28800
721,350700,300,313100,28300,37300,39900,32500,700,60300,45300,23700,27800
722,399800,200,319400,26100,33000,38700,33000,600,60400,45000,22600,27800
723,337100,200,310100,26000,43500,39000,32000,600,61100,51500,23400,30200
724,370500,300,313200,25500,38900,40000,32900,700,60700,48600,25700,34800
725,353100,300,887400,26100,33300,38700,33800,600,62800,53100,26900,29600
726,338300,200,319000,26600,34800,38500,34300,600,63000,52200,28400,39100
727,363100,300,319900,26600,36300,38800,36000,600,65100,52900,23400,28500
728,351200,300,319600,25400,34000,39400,35100,700,63000,48700,23200,28200
729,351800,200,323200,26000,34400,41100,34500,600,68200,56600,27300,29900
730,364200,300,322100,26800,35600,41300,34900,600,63200,61800,28900,30000
731,357100,300,322300,26700,34100,38000,34800,700,63900,52800,26000,26000
732,357900,300,324600,26200,34900,39700,34700,700,84000,50600,21200,30500
733,356200,300,327100,26600,34900,39700,34300,600,65900,51900,21800,27500
734,369500,200,317600,25700,32800,39400,33100,600,60900,41800,22400,27700
735,355600,300,314600,27600,34900,40600,34400,600,61100,46800,28100,35500
736,360400,200,323700,27100,34000,38800,35500,800,64800,68500,24100,34800
737,355300,700,327400,26400,36600,40200,35400,700,63300,53100,32100,31700
738,411400,300,329100,26700,33700,40500,33900,600,63200,50200,23100,28700
739,359600,300,321800,27100,36300,40800,35100,600,64900,52100,30300,26800
740,351000,300,331900,26600,36000,41300,35300,600,63300,71700,20800,31200
741,387000,300,329600,25800,33000,41300,38700,600,68800,48200,28200,30300
742,372800,200,324200,26800,34200,43100,34600,600,63800,49600,23400,28100
743,356000,300,328300,26800,33400,39300,35100,700,65500,50900,23800,40300
744,381100,300,326800,26100,34600,40300,35500,800,64100,65500,23800,31300
745,382600,300,327800,27000,36000,41900,36100,600,64900,51800,37500,26100
746,359300,200,329200,28800,34500,39800,34100,600,64600,49100,20300,28500
747,348800,200,323500,27100,35100,40300,34500,700,65000,66500,45300,30100
748,383400,200,322700,24300,35500,39100,39500,600,199400,157600,70100,78800
749,352100,300,339300,28100,45600,40800,35900,700,66900,52800,24500,29600
750,362600,200,338000,25500,34900,40200,35900,1000,66600,53100,24000,28500
751,367400,300,340400,28900,35500,39900,36100,800,65300,51700,30100,41000
752,374000,300,336400,26600,33900,41700,35900,700,65700,49900,28000,28300
753,688500,300,350700,27200,35300,41700,35300,700,67500,55200,33900,30200
754,378700,300,341900,27300,35700,42700,35300,800,67500,52500,24400,31800
755,355100,200,344600,27100,35400,40700,37100,700,67800,59500,23400,29600
756,376100,300,342000,27700,45400,43600,36000,700,68100,73800,24200,34800
757,400600,300,350000,27200,36000,40600,37700,700,66500,53200,37800,29500
758,373200,200,342800,26900,35900,42000,34700,700,66600,51800,28800,29100
759,364400,300,338800,26700,35300,40500,35100,600,66800,49300,21700,29400
760,415700,300,348600,27200,37900,45400,36000,600,69700,53000,25400,29600
761,416200,300,352300,27600,35000,42200,35700,700,68500,64000,27400,31100
762,382700,200,351500,27100,35200,39300,49100,600,68500,51400,25800,28800
763,612900,300,341500,25800,33500,38500,36300,600,67000,45800,24400,35500
764,399500,200,343900,28600,33800,40400,38400,900,67200,57500,26600,36400
765,385500,200,343200,26600,38000,40600,35800,600,67400,50200,26000,25400
766,375500,300,352300,27900,42100,43300,38300,800,69600,53800,32000,34200
767,386900,400,353200,27700,36600,41400,38700,600,70100,52900,28300,29800
768,381900,300,356900,27500,37300,41500,37700,600,68400,53400,28400,38400
769,387300,300,366500,28200,36900,40300,39300,700,69900,57700,24900,28800
770,382500,300,357600,28300,43600,42000,35400,600,70000,56000,25500,34600
771,381700,200,359100,29700,34900,39100,37100,600,69000,50400,36900,26200
772,371200,300,360400,27600,35800,41000,36000,800,68600,48100,23800,29000
773,388500,300,352900,28100,36100,41000,36500,700,69100,52400,29900,37200
774,405900,200,352600,28700,40900,42600,37500,600,69000,53200,24300,26100
775,393100,200,355000,27600,35200,40200,75300,700,73900,48700,24200,29300
776,385500,300,363400,28200,36600,40400,38700,700,72400,48800,40200,48700
777,399900,300,359400,27600,36500,43300,37000,700,69900,52000,24800,28800
778,414400,300,366400,28000,36200,41900,39800,700,69700,62700,43000,29800
779,403900,200,358100,27900,37100,39700,38900,700,69800,52200,24600,29600
780,404200,300,363900,27200,35500,41600,38300,3500,70100,67300,23000,29500
781,414500,200,363700,28500,42100,46900,38000,700,71800,53600,34400,35200
782,395900,300,361500,27700,35600,39900,38200,700,70600,53400,25500,34400
783,468900,500,379900,34300,46800,90000,82600,1500,116400,53200,27300,38300
784,388700,300,374500,29100,39100,43500,58000,700,72500,53300,31200,32000
785,391900,300,370700,29300,41500,41900,39000,700,73100,55300,26200,30600
786,519200,300,365500,29400,40800,41000,39000,900,71400,54300,33300,31900
787,418600,200,369700,27400,38500,43300,42100,600,73100,75400,34200,34000
788,445900,300,382500,30300,46200,61000,40800,1000,73300,60900,26600,42000
789,399800,200,366800,27700,37300,43000,39600,700,71800,53700,24900,29900
790,412100,300,369300,27300,35500,41500,38500,600,71800,52300,24600,29600
791,428500,300,375900,28100,36300,42800,41000,900,74000,61800,72700,41100
792,417900,400,368200,27900,35100,40800,37700,600,72200,51100,30200,32300
793,392400,300,392500,28900,44100,44800,40100,800,74800,55000,25700,36000
794,405000,300,366000,27900,35500,40500,40100,600,71100,51200,25800,29900
795,382700,300,374400,27700,34700,40300,46500,600,71000,52500,29900,28600
796,396600,200,377300,28600,36900,42300,41400,700,71700,1685100,20100,23700
797,396100,600,388500,31000,38900,44400,40600,700,75700,53600,20300,25200
798,398500,300,397400,29700,39300,45700,40800,800,75000,51900,19800,33200
799,413100,600,384500,29100,38600,42200,40300,700,75100,46600,18300,24300
800,414300,300,385900,28600,37600,43600,39900,700,75200,53900,20900,24900
801,414700,300,388200,30100,39500,46500,42800,4600,75400,54100,18600,23300
802,421700,300,387600,28900,37300,43100,41300,700,75700,49200,20600,22700
803,433800,300,383200,27900,41700,42300,40000,700,76300,47100,18400,26700
804,418300,300,381400,27900,41500,46200,38900,800,74400,47900,18500,23800
805,421100,400,393400,29200,38600,45000,41100,700,81200,46600,27800,24600
806,476100,300,393400,30300,38000,45100,40800,800,76600,48800,19400,25200
807,430600,300,392400,29200,42200,58900,42600,700,76500,54800,19000,24000
808,429800,300,393300,29400,36000,43200,43200,700,76400,49200,18800,29800
809,417500,300,395800,28600,36500,42900,41300,700,77100,48500,18900,24900
810,439900,700,395900,28900,39000,46700,41900,800,77600,49900,18900,24700
811,427500,300,397500,29400,37700,44000,41700,700,81400,48800,21200,24400
812,438900,200,399900,28800,37000,42500,42900,700,76900,46600,18900,23700
813,438100,300,399100,30100,37000,44300,42600,700,82800,50200,27200,25200
814,421500,500,399600,29600,37900,43600,43500,700,79700,50100,19600,24300
815,429100,300,400500,29600,38800,44800,42200,700,78200,49400,20900,25900
816,442100,200,395500,28700,37300,43800,40900,700,76900,47500,19500,25100
817,407000,200,396600,29000,37000,42600,41400,800,76300,45500,18600,24600
818,432600,300,401400,29300,43700,46400,43600,600,78100,66800,21300,25100
819,435400,300,405900,30500,38500,45700,42400,4200,77000,46200,17600,22900
820,395100,300,406000,30000,39300,43300,40800,700,94700,48600,19000,26800
821,422600,200,396900,29200,37100,43700,42000,800,77600,48000,18900,26600
822,436500,200,398500,30400,53600,45900,46400,700,77900,48500,22400,25100
823,434300,300,393200,30900,39200,45100,42000,700,77400,46900,18800,23500
824,430400,300,392700,29000,37600,43600,41300,700,76300,71300,18300,28700
825,458300,300,401200,28800,37100,43700,43000,900,78200,50500,27300,25300
826,433800,300,404900,28800,50200,47600,43700,700,80700,46000,21800,25300
827,442800,300,415600,29900,39900,47800,44800,700,82100,50700,21300,26200
828,436700,300,415000,31800,40100,55200,44800,700,114300,75800,21100,24600
829,433600,300,417400,30100,37800,43400,42400,700,80500,52800,20100,27400
830,463200,200,417500,30900,41500,48400,42100,700,80600,49800,19900,24100
831,466100,300,417900,30300,39500,46900,45200,1000,80700,52400,20300,24500
832,468700,300,410000,29900,44700,46800,43500,700,79400,52500,19500,30500
833,447300,400,419400,30700,49100,44000,41400,700,79700,51400,19500,26200
834,431300,200,417700,28400,46700,41400,49200,700,79800,50300,21400,25600
835,466200,300,411300,31700,39800,45800,43200,700,79800,50000,20000,24400
836,467600,600,420100,30400,36800,44900,45200,1000,81900,49700,19100,24600
837,461200,300,425800,30500,41200,46700,44800,600,82400,58500,20200,25100
838,456200,400,426300,30400,38200,49700,43300,800,80300,50300,19600,24900
839,457700,300,416700,29800,37700,44600,42800,700,80500,49600,19600,67900
840,439800,500,420600,27500,35300,73300,41100,900,81100,50600,20400,37800
841,443000,400,425700,31200,44100,45800,44100,900,82800,51200,29000,26400
842,439700,300,426400,29900,37800,44500,44400,800,82900,51100,20300,28200
843,429300,300,428500,30100,41200,46000,45600,700,83700,54900,20400,25200
844,507900,300,429600,30800,39800,45200,43400,800,83300,52100,32100,26800
845,452000,300,431600,30300,42100,50800,43800,700,84000,54700,21400,25500
846,456800,300,431700,29800,39200,44600,46000,600,99500,48700,20400,33700
847,457600,300,424700,30900,38000,44700,45400,700,83900,62400,22200,26400
848,424400,300,439200,31400,47600,62900,45700,800,84600,50100,22700,26900
849,444800,200,432600,31000,44500,46100,47100,700,84300,52100,20100,25700
850,469700,300,438800,45500,47300,46000,46800,900,85200,52200,19800,29100
851,480000,300,440400,30100,43600,43400,44100,800,82900,52000,27100,30000
852,450300,300,436600,31800,37700,47100,46600,1000,82900,50100,22500,28400
853,497700,300,435500,31400,39100,45900,46300,800,85600,50000,19400,29500
854,461000,200,440300,31500,40400,44200,44500,700,85000,49300,19700,26200
855,443900,400,442000,31800,45600,49100,45300,1500,109000,54600,20700,35200
856,463100,300,446000,31200,46800,46600,46200,700,85700,52900,21900,28100
857,476800,300,442700,30600,39000,46400,46900,700,85900,50200,20900,25900
858,462300,300,448300,30500,39800,45100,45500,700,86300,50900,30000,24400
859,467700,300,445500,31400,53500,47200,47800,700,86600,54300,21300,26400
860,458300,300,448700,31200,40700,46000,43800,800,86600,54600,20700,26100
861,444900,300,446400,32800,39900,47100,46100,700,86500,54200,21000,32400
862,457600,300,450900,31000,45500,46300,45500,700,86900,53500,20700,26300
863,457600,300,449000,31100,47600,45700,45200,1000,87000,51700,20500,31400
864,465000,300,450800,31400,39800,49500,47000,1100,87000,53400,22700,26900
865,466100,300,450600,30700,43100,49900,47800,800,89800,52800,49300,28400
866,466900,200,451800,31600,40600,47200,47700,800,87900,53300,30700,26100
867,462600,300,442800,30000,44500,44800,45600,700,86100,51500,19800,24900
868,452600,300,443700,31000,39500,46200,45900,800,85700,49500,21100,24500
869,459500,400,458300,32600,45000,48200,46600,900,88400,55100,22000,28600
870,480700,300,456700,32300,40200,54200,49400,900,88600,53400,20600,29700
871,451400,300,445700,32400,44800,50600,47500,900,88600,54000,20700,28800
872,487900,300,459800,32500,44500,48700,48600,800,88600,55000,23100,27900
873,490000,300,459200,32200,39800,49300,46800,700,88600,75000,21000,26300
874,493400,300,459700,32000,41000,47500,47000,800,89300,59600,20500,35300
875,502100,200,464300,34500,39900,44500,46700,800,87200,50100,19300,25400
876,492800,300,452000,30700,40900,47400,51000,800,102200,54500,22900,26900
877,478000,200,454000,31300,42200,48500,47300,700,88000,53200,21100,26000
878,473500,300,454300,31100,42600,46300,48400,700,88000,52400,20100,24800
879,479500,300,444800,30500,44400,47200,45600,800,86000,53500,19700,24800
880,492100,300,463800,29500,41300,48000,48000,800,88400,53400,20200,26000
881,459800,300,458100,29700,39700,51200,46100,700,90600,63800,23200,27900
882,490100,300,456300,31900,44900,46200,47000,900,88400,52700,19900,25500
883,472600,300,459900,31600,39900,61700,48900,800,88700,53100,20400,27900
884,490100,300,460700,32000,44100,46400,49300,700,110400,55400,20500,27000
885,513200,300,476100,31700,48300,49300,49600,800,89100,53600,21300,29200
886,540000,300,474400,32200,42900,48300,48200,700,92000,52800,22000,26800
887,508700,300,472800,30800,41400,47000,47900,700,91700,58600,23200,26500
888,518000,300,474400,30700,45200,47900,50500,1000,92100,54800,25700,28800
889,538000,400,475300,33500,42400,47500,50300,800,92200,55100,23100,26900
890,465900,200,477600,35200,40100,58200,49400,800,92400,51500,20200,37400
891,494500,300,478300,32200,42100,48100,49100,700,92600,53300,43200,26300
892,501600,200,477800,30500,42400,48200,50600,800,93300,54400,21800,25300
893,479800,300,1260000,86300,117300,150300,131800,1900,93300,54500,22400,26500
894,524900,300,500900,32000,42400,48900,50100,800,96400,54100,21000,26100
895,496000,500,480300,33100,43200,48300,50700,800,93300,53800,21700,27200
896,539800,300,485600,31800,42400,51500,51100,2800,281200,129000,21600,30500
897,524700,300,484900,32500,49100,51000,49500,900,93600,54000,27800,28200
898,503800,300,485500,32800,44100,50800,50100,800,94400,53300,23300,27600
899,497100,300,486300,31800,42300,52500,49400,800,94000,56000,20900,36000
900,543700,600,487300,31800,44100,50000,53400,800,94000,51500,29900,25600
901,491200,300,487800,32100,43300,49500,51000,700,94400,82800,27200,32100
902,501000,300,488800,33900,43200,47900,51400,700,95000,53900,22100,26800
903,486800,300,503100,33800,45100,49800,49300,1000,95000,54200,21200,26200
904,522700,200,491600,32000,49200,50400,52800,800,95000,64500,23700,27700
905,503000,300,494200,34100,47400,49600,51200,800,94900,53500,21600,27400
906,495700,400,494000,32900,47900,51700,51300,800,95900,55200,30400,28400
907,504100,300,495200,32000,46100,51700,51000,800,95900,58000,21600,27100
908,516900,300,498300,32600,43700,48600,50700,700,95900,55000,22300,35400
909,505100,300,499600,32300,44200,51900,51800,1300,97800,88000,22400,49200
910,517600,700,502000,33500,42800,53900,51900,700,96900,64100,29800,35600
911,518400,300,500100,33400,41000,50300,50700,1100,96900,67800,29200,34600
912,505600,300,488900,32200,43700,47600,49500,800,94800,63500,31500,35700
913,512500,300,490000,32600,41700,51500,50100,700,101800,56200,22800,26300
914,497500,300,480600,35000,47300,48800,50000,900,94900,55400,21000,27200
915,515700,300,493400,32300,41500,47400,70500,800,95100,58000,24200,29500
916,533100,300,510800,34000,42800,51000,51900,900,97500,55700,29100,26900
917,529800,300,494600,31700,41500,47500,52500,800,97900,56000,22000,36300
918,496400,300,497700,32000,40100,46600,50000,800,95700,53500,21400,26600
919,547300,300,507700,30100,41100,48700,51700,800,95400,51600,21800,25500
920,512000,200,497800,34000,41600,48500,53100,900,96200,57600,22800,48800
921,513200,700,510300,31800,43400,49100,52700,700,96300,56300,21700,26800
922,526300,300,502200,33000,40200,47200,51300,700,109100,55400,24100,30400
923,540200,300,512400,32700,48500,51100,53500,900,98800,54800,22000,27100
924,548100,800,506000,33200,41500,48600,51300,700,97500,66900,21600,27500
925,514900,300,504200,31900,46500,47800,49200,700,97200,54900,23100,27200
926,527300,300,503300,31100,43200,52200,52600,700,104100,52400,31100,26200
927,559300,300,510400,32900,41600,49200,52300,800,97500,56100,21400,26600
928,524400,300,512500,32800,43200,50600,52700,800,97900,56300,21000,31600
929,513600,300,507400,32400,42500,48500,52200,800,98100,54900,21500,27200
930,494900,300,508700,32100,42600,50900,53000,800,98200,55200,23600,29100
931,512100,200,521400,31700,42700,50000,54100,900,96200,54500,21400,28000
932,533200,400,504600,33500,46800,47700,118400,1400,304100,171600,28400,39500
933,512400,200,523100,34100,44200,61800,54000,700,101400,55800,23200,28700
934,515500,300,524800,32100,47900,52600,54100,1000,101400,56300,22400,30100
935,556100,500,527100,33800,44200,61300,56900,700,101900,81100,24200,29100
936,541500,300,527500,33100,43500,50300,54400,800,101800,56300,21600,28300
937,564800,300,529400,33000,43800,50800,55900,700,101800,56500,26400,28400
938,560600,300,520000,33500,41500,49200,53600,700,99600,91000,22900,40200
939,586400,500,505300,32300,41100,47200,52700,700,99800,54700,22300,33700
940,543500,300,520200,35000,45300,51300,54700,800,100600,57600,22700,28900
941,580800,400,520400,32400,48300,51400,54300,700,100300,58400,21600,45600
942,562600,300,521300,37800,44900,51900,55500,800,100700,58900,21300,26300
943,534700,400,522500,34100,42900,51400,53700,700,104500,71600,26500,28400
944,543700,400,531900,32600,46300,51100,54000,800,101000,56200,21400,27300
945,541800,200,524600,32400,43000,49900,54800,800,100900,52900,23900,28900
946,535000,200,525200,33000,45100,49000,56600,800,107200,55000,23800,28300
947,554000,300,528300,32800,42400,50300,54700,800,101900,56400,22100,27900
948,568900,400,527900,33200,44000,49500,56600,800,101400,67500,22900,34600
949,544500,300,526600,31600,41600,52400,52700,1000,104900,62900,21700,26900
950,546700,300,531400,36100,43100,50400,53000,800,106400,56600,29100,29800
951,535500,600,596100,33400,42900,52700,54700,800,102300,53400,21800,27800
952,552000,300,534000,32100,42600,49500,56300,800,105700,60200,24100,40100
953,553600,300,534900,34400,48500,55400,55600,800,102900,66900,23400,28200
954,582100,800,545800,35100,44400,50200,54900,800,102800,56500,22100,28200
955,546900,300,536900,34700,49500,51100,53000,700,103400,54600,23600,27600
956,581500,300,536800,33500,48600,53500,54400,800,106400,53700,24600,28600
957,552300,300,1060600,32900,51300,53700,58000,800,107100,57400,24900,28900
958,562900,300,551600,34300,50500,53000,56000,1000,106300,68300,22400,30400
959,561300,300,545800,35500,49800,51300,55800,1400,104300,56200,21700,29000
960,568300,400,541400,33700,44900,55900,55400,700,104600,55800,22800,27400
961,654900,500,558800,36500,48000,53600,57300,800,108100,72700,22900,27900
962,556600,400,562800,36000,45300,56400,58400,800,110000,69400,39400,45900
963,603800,500,557200,35600,43900,53400,57600,800,107400,57900,22700,28300
964,581500,400,581100,43700,56100,83000,82500,900,107300,58100,24200,49200
965,622600,600,660000,45700,72800,88000,66800,1100,108400,65900,52200,30400
966,627100,800,651200,34500,50100,54900,56900,800,108300,60300,24100,29100
967,549600,300,568500,33200,43300,53400,58400,1400,118800,88400,40700,39600
968,563400,300,618600,35200,48400,57500,84500,1100,109300,64600,24500,28700
969,566800,300,563500,35400,47200,52700,59800,800,108900,57500,22800,28200
970,582700,300,565300,35900,51900,57500,57900,800,109200,58900,22700,28600
971,563900,300,566400,35500,52000,51300,57100,2400,155500,97800,48600,32700
972,575100,300,640800,35400,44600,51200,59500,800,109600,58700,23200,28300
973,566800,300,571300,33500,52400,54900,54600,900,109400,59900,23700,33400
974,607500,400,570500,36000,43900,56700,57600,1100,109700,57000,23300,50100
975,605200,300,572300,34100,44900,63500,58900,1100,116600,59300,23300,30400
976,569400,300,573500,36200,44400,101700,92700,1800,184000,58400,23200,28900
977,571100,300,683500,46300,79300,93700,58900,700,110800,74000,31900,38800
978,603800,500,597800,42000,60100,58100,60700,1000,110300,89900,30700,31700
979,596700,300,579100,35900,44400,55100,57600,800,110800,58900,24100,31000
980,588200,400,577900,34900,47500,53500,59500,700,111300,58100,24400,29100
981,601400,300,572900,34100,43700,55500,58000,800,109100,56800,23500,29200
982,550200,300,578500,35100,45400,53400,57800,900,111700,58600,34000,33200
983,591000,300,588200,34800,47400,52200,80000,900,111400,64500,23300,28800
984,566000,300,583900,35800,50600,72900,59400,1000,112000,61700,24100,29500
985,561900,300,582500,34200,46000,52800,61200,800,112000,56100,25200,30600
986,579800,300,583600,36200,47000,59000,59500,1400,112500,63000,24700,42700
987,627800,300,585300,34900,52100,53700,60400,900,112500,59000,24500,28600
988,571700,300,586700,35700,45800,53400,60800,4300,113000,56700,22900,33200
989,573400,400,589300,35500,46200,56300,61000,1400,113000,61900,22900,30000
990,603100,400,588800,35600,46600,53700,59300,900,113200,58900,24100,29100
991,627800,300,590000,36100,46100,55800,61600,1000,113900,57100,22300,35900
992,588600,300,578300,35300,51600,52800,58400,800,111200,59900,22800,29700
993,580200,400,579400,34700,45800,56800,60500,900,116500,58700,23200,28800
994,587200,400,627600,35700,47400,57300,66000,800,114200,60800,24400,29300
995,580400,300,596800,35900,53600,61300,60100,800,114500,60600,25200,30400
996,637900,300,597400,36800,47300,55100,60500,800,114600,60400,24300,29500
997,597000,400,597200,36100,45900,94900,95000,1100,114700,61500,23600,29700
998,603800,400,599100,37400,44900,52800,62200,800,115000,62400,24500,31100
999,612300,300,600400,34400,48300,54100,62600,900,115800,68300,25400,30700
1000,586900,300,602500,35800,46900,68000,60800,5000,115600,71100,25300,30900
